1632345995,s5,0.00,0.00,0.00,0,0,0.00,0.00,0.00,0,0,0.00,0.00,0,0
1632345995,s1,0.00,0.00,0.00,0,0,0.00,0.00,0.00,0,0,0.00,0.00,0,0
1632345995,eth0,0.00,0.00,0.00,0,0,0.00,0.00,0.00,0,0,0.00,0.00,0,0
1632345995,eth1,0.00,0.00,0.00,0,0,0.00,0.00,0.00,0,0,0.00,0.00,0,0
1632345995,s2,0.00,0.00,0.00,0,0,0.00,0.00,0.00,0,0,0.00,0.00,0,0
1632345995,s1-eth2,0.00,0.00,0.00,0,0,0.00,0.00,0.00,0,0,0.00,0.00,0,0
1632345995,s1-eth1,0.00,0.00,0.00,0,0,0.00,0.00,0.00,0,0,0.00,0.00,0,0
1632345995,s3,0.00,0.00,0.00,0,0,0.00,0.00,0.00,0,0,0.00,0.00,0,0
1632345995,s2-eth2,0.00,0.00,0.00,0,0,0.00,0.00,0.00,0,0,0.00,0.00,0,0
1632345995,s2-eth1,0.00,0.00,0.00,0,0,0.00,0.00,0.00,0,0,0.00,0.00,0,0
1632345995,lo,0.00,0.00,0.00,0,0,0.00,0.00,0.00,0,0,0.00,0.00,0,0
1632345995,s4,0.00,0.00,0.00,0,0,0.00,0.00,0.00,0,0,0.00,0.00,0,0
1632345995,s3-eth2,0.00,0.00,0.00,0,0,0.00,0.00,0.00,0,0,0.00,0.00,0,0
1632345995,s3-eth1,0.00,0.00,0.00,0,0,0.00,0.00,0.00,0,0,0.00,0.00,0,0
1632345995,total,0.00,0.00,0.00,0,0,0.00,0.00,0.00,0,0,0.00,0.00,0,0
1632345996,s5,0.00,0.00,0.00,0,0,0.00,0.00,0.00,0,0,0.00,0.00,0,0
1632345996,s1,250.00,4392.00,4642.00,4392,250,3.00,24.00,27.00,24,3,0.00,0.00,0,0
1632345996,eth0,456.00,735.00,1191.00,735,456,6.00,6.00,12.00,6,6,0.00,0.00,0,0
1632345996,eth1,0.00,0.00,0.00,0,0,0.00,0.00,0.00,0,0,0.00,0.00,0,0
1632345996,s2,250.00,3770.00,4020.00,3770,250,3.00,21.00,24.00,21,3,0.00,0.00,0,0
1632345996,s1-eth2,147354.00,5983088.00,6130442.00,5983088,147354,1979.00,3972.00,5951.00,3972,1979,0.00,0.00,0,0
1632345996,s1-eth1,5981276.00,145944.00,6127220.00,145944,5981276,3977.00,1972.00,5949.00,1972,3977,0.00,0.00,0,0
1632345996,s3,250.00,3425.00,3675.00,3425,250,3.00,20.00,23.00,20,3,0.00,0.00,0,0
1632345996,s2-eth2,149041.00,5984010.00,6133051.00,5984010,149041,1988.00,3963.00,5951.00,3963,1988,0.00,0.00,0,0
1632345996,s2-eth1,5983088.00,147354.00,6130442.00,147354,5983088,3972.00,1979.00,5951.00,1979,3972,0.00,0.00,0,0
1632345996,lo,22027.00,22027.00,44054.00,22027,22027,209.00,209.00,418.00,209,209,0.00,0.00,0,0
1632345996,s4,0.00,0.00,0.00,0,0,0.00,0.00,0.00,0,0,0.00,0.00,0,0
1632345996,s3-eth2,150618.00,5983418.00,6134036.00,5983418,150618,1996.00,3953.00,5949.00,3953,1996,0.00,0.00,0,0
1632345996,s3-eth1,5984010.00,149041.00,6133051.00,149041,5984010,3963.00,1988.00,5951.00,1988,3963,0.00,0.00,0,0
1632345996,total,18418620.00,18427204.00,36845824.00,18427204,18418620,18099.00,18107.00,36206.00,18107,18099,0.00,0.00,0,0
1632345997,s5,0.00,0.00,0.00,0,0,0.00,0.00,0.00,0,0,0.00,0.00,0,0
1632345997,s1,0.00,1492.00,1492.00,1492,0,0.00,6.00,6.00,6,0,0.00,0.00,0,0
1632345997,eth0,152.00,245.00,397.00,245,152,2.00,2.00,4.00,2,2,0.00,0.00,0,0
1632345997,eth1,0.00,0.00,0.00,0,0,0.00,0.00,0.00,0,0,0.00,0.00,0,0
1632345997,s2,0.00,1492.00,1492.00,1492,0,0.00,6.00,6.00,6,0,0.00,0.00,0,0
1632345997,s1-eth2,149300.00,6069604.00,6218904.00,6069604,149300,2009.00,4014.00,6023.00,4014,2009,0.00,0.00,0,0
1632345997,s1-eth1,6070273.00,148370.00,6218643.00,148370,6070273,4016.00,2005.00,6021.00,2005,4016,0.00,0.00,0,0
1632345997,s3,0.00,1712.00,1712.00,1712,0,0.00,6.00,6.00,6,0,0.00,0.00,0,0
1632345997,s2-eth2,150082.00,6067234.00,6217316.00,6067234,150082,2011.00,4010.00,6021.00,4010,2011,0.00,0.00,0,0
1632345997,s2-eth1,6069604.00,149300.00,6218904.00,149300,6069604,4014.00,2009.00,6023.00,2009,4014,0.00,0.00,0,0
1632345997,lo,6167.00,6167.00,12334.00,6167,6167,58.00,58.00,116.00,58,58,0.00,0.00,0,0
1632345997,s4,0.00,0.00,0.00,0,0,0.00,0.00,0.00,0,0,0.00,0.00,0,0
1632345997,s3-eth2,150677.00,6069626.00,6220303.00,6069626,150677,2012.00,4009.00,6021.00,4009,2012,0.00,0.00,0,0
1632345997,s3-eth1,6067234.00,150082.00,6217316.00,150082,6067234,4010.00,2011.00,6021.00,2011,4010,0.00,0.00,0,0
1632345997,total,18663488.00,18665324.00,37328812.00,18665324,18663489,18132.00,18136.00,36268.00,18136,18132,0.00,0.00,0,0
1632345998,s5,0.00,0.00,0.00,0,0,0.00,0.00,0.00,0,0,0.00,0.00,0,0
1632345998,s1,0.00,434.00,434.00,434,0,0.00,2.00,2.00,2,0,0.00,0.00,0,0
1632345998,eth0,0.00,0.00,0.00,0,0,0.00,0.00,0.00,0,0,0.00,0.00,0,0
1632345998,eth1,0.00,0.00,0.00,0,0,0.00,0.00,0.00,0,0,0.00,0.00,0,0
1632345998,s2,0.00,434.00,434.00,434,0,0.00,2.00,2.00,2,0,0.00,0.00,0,0
1632345998,s1-eth2,149735.00,6126078.00,6275813.00,6126078,149735,2023.00,4048.00,6071.00,4048,2023,0.00,0.00,0,0
1632345998,s1-eth1,6127966.00,149628.00,6277594.00,149628,6127966,4051.00,2022.00,6073.00,2022,4051,0.00,0.00,0,0
1632345998,s3,0.00,214.00,214.00,214,0,0.00,2.00,2.00,2,0,0.00,0.00,0,0
1632345998,s2-eth2,149842.00,6127485.00,6277327.00,6127485,149842,2024.00,4048.00,6072.00,4048,2024,0.00,0.00,0,0
1632345998,s2-eth1,6126078.00,149735.00,6275813.00,149735,6126078,4048.00,2023.00,6071.00,2023,4048,0.00,0.00,0,0
1632345998,lo,1872.00,1872.00,3744.00,1872,1872,18.00,18.00,36.00,18,18,0.00,0.00,0,0
1632345998,s4,0.00,0.00,0.00,0,0,0.00,0.00,0.00,0,0,0.00,0.00,0,0
1632345998,s3-eth2,150216.00,6130186.00,6280402.00,6130186,150216,2026.00,4049.00,6075.00,4049,2026,0.00,0.00,0,0
1632345998,s3-eth1,6127485.00,149842.00,6277327.00,149842,6127485,4048.00,2024.00,6072.00,2024,4048,0.00,0.00,0,0
1632345998,total,18833194.00,18835908.00,37669104.00,18835908,18833194,18238.00,18238.00,36476.00,18238,18238,0.00,0.00,0,0
1632345999,s5,0.00,0.00,0.00,0,0,0.00,0.00,0.00,0,0,0.00,0.00,0,0
1632345999,s1,0.00,921.00,921.00,921,0,0.00,7.00,7.00,7,0,0.00,0.00,0,0
1632345999,eth0,60.00,60.00,120.00,60,60,1.00,1.00,2.00,1,1,0.00,0.00,0,0
1632345999,eth1,0.00,0.00,0.00,0,0,0.00,0.00,0.00,0,0,0.00,0.00,0,0
1632345999,s2,0.00,1248.00,1248.00,1248,0,0.00,8.00,8.00,8,0,0.00,0.00,0,0
1632345999,s1-eth2,149326.00,6082589.00,6231915.00,6082589,149326,2012.00,4023.00,6035.00,4023,2012,0.00,0.00,0,0
1632345999,s1-eth1,6082986.00,148736.00,6231722.00,148736,6082986,4025.00,2010.00,6035.00,2010,4025,0.00,0.00,0,0
1632345999,s3,0.00,1141.00,1141.00,1141,0,0.00,7.00,7.00,7,0,0.00,0.00,0,0
1632345999,s2-eth2,149811.00,6082252.00,6232063.00,6082252,149811,2016.00,4021.00,6037.00,4021,2016,0.00,0.00,0,0
1632345999,s2-eth1,6082589.00,149326.00,6231915.00,149326,6082589,4023.00,2012.00,6035.00,2012,4023,0.00,0.00,0,0
1632345999,lo,6726.00,6726.00,13452.00,6726,6726,71.00,71.00,142.00,71,71,0.00,0.00,0,0
1632345999,s4,0.00,0.00,0.00,0,0,0.00,0.00,0.00,0,0,0.00,0.00,0,0
1632345999,s3-eth2,150356.00,6084836.00,6235192.00,6084836,150356,2020.00,4020.00,6040.00,4020,2020,0.00,0.00,0,0
1632345999,s3-eth1,6082252.00,149811.00,6232063.00,149811,6082252,4021.00,2016.00,6037.00,2016,4021,0.00,0.00,0,0
1632345999,total,18704106.00,18707646.00,37411752.00,18707646,18704106,18189.00,18196.00,36385.00,18196,18189,0.00,0.00,0,0
1632346000,s5,0.00,0.00,0.00,0,0,0.00,0.00,0.00,0,0,0.00,0.00,0,0
1632346000,s1,70.00,794.00,864.00,794,70,1.00,4.00,5.00,4,1,0.00,0.00,0,0
1632346000,eth0,0.00,0.00,0.00,0,0,0.00,0.00,0.00,0,0,0.00,0.00,0,0
1632346000,eth1,0.00,0.00,0.00,0,0,0.00,0.00,0.00,0,0,0.00,0.00,0,0
1632346000,s2,70.00,467.00,537.00,467,70,1.00,3.00,4.00,3,1,0.00,0.00,0,0
1632346000,s1-eth2,149032.00,6091616.00,6240648.00,6091616,149032,2014.00,4027.00,6041.00,4027,2014,0.00,0.00,0,0
1632346000,s1-eth1,6090172.00,148814.00,6238986.00,148814,6090172,4027.00,2011.00,6038.00,2011,4027,0.00,0.00,0,0
1632346000,s3,70.00,809.00,879.00,809,70,1.00,4.00,5.00,4,1,0.00,0.00,0,0
1632346000,s2-eth2,149697.00,6091219.00,6240916.00,6091219,149697,2016.00,4025.00,6041.00,4025,2016,0.00,0.00,0,0
1632346000,s2-eth1,6091616.00,149032.00,6240648.00,149032,6091616,4027.00,2014.00,6041.00,2014,4027,0.00,0.00,0,0
1632346000,lo,4094.00,4094.00,8188.00,4094,4094,43.00,43.00,86.00,43,43,0.00,0.00,0,0
1632346000,s4,0.00,0.00,0.00,0,0,0.00,0.00,0.00,0,0,0.00,0.00,0,0
1632346000,s3-eth2,149693.00,6089308.00,6239001.00,6089308,149693,2016.00,4022.00,6038.00,4022,2016,0.00,0.00,0,0
1632346000,s3-eth1,6091219.00,149697.00,6240916.00,149697,6091219,4025.00,2016.00,6041.00,2016,4025,0.00,0.00,0,0
1632346000,total,18725732.00,18725850.00,37451584.00,18725850,18725733,18171.00,18169.00,36340.00,18169,18171,0.00,0.00,0,0
1632346001,s5,0.00,0.00,0.00,0,0,0.00,0.00,0.00,0,0,0.00,0.00,0,0
1632346001,s1,0.00,0.00,0.00,0,0,0.00,0.00,0.00,0,0,0.00,0.00,0,0
1632346001,eth0,0.00,0.00,0.00,0,0,0.00,0.00,0.00,0,0,0.00,0.00,0,0
1632346001,eth1,0.00,0.00,0.00,0,0,0.00,0.00,0.00,0,0,0.00,0.00,0,0
1632346001,s2,0.00,342.00,342.00,342,0,0.00,1.00,1.00,1,0,0.00,0.00,0,0
1632346001,s1-eth2,151006.00,6174092.00,6325098.00,6174092,151006,2037.00,4078.00,6115.00,4078,2037,0.00,0.00,0,0
1632346001,s1-eth1,6171406.00,150812.00,6322218.00,150812,6171406,4077.00,2038.00,6115.00,2038,4077,0.00,0.00,0,0
1632346001,s3,0.00,342.00,342.00,342,0,0.00,1.00,1.00,1,0,0.00,0.00,0,0
1632346001,s2-eth2,150932.00,6172578.00,6323510.00,6172578,150932,2036.00,4077.00,6113.00,4077,2036,0.00,0.00,0,0
1632346001,s2-eth1,6174092.00,151006.00,6325098.00,151006,6174092,4078.00,2037.00,6115.00,2037,4078,0.00,0.00,0,0
1632346001,lo,652.00,652.00,1304.00,652,652,6.00,6.00,12.00,6,6,0.00,0.00,0,0
1632346001,s4,0.00,0.00,0.00,0,0,0.00,0.00,0.00,0,0,0.00,0.00,0,0
1632346001,s3-eth2,150932.00,6172578.00,6323510.00,6172578,150932,2036.00,4077.00,6113.00,4077,2036,0.00,0.00,0,0
1632346001,s3-eth1,6172578.00,150932.00,6323510.00,150932,6172578,4077.00,2036.00,6113.00,2036,4077,0.00,0.00,0,0
1632346001,total,18971598.00,18973334.00,37944932.00,18973334,18971598,18347.00,18351.00,36698.00,18351,18347,0.00,0.00,0,0
1632346002,s5,0.00,0.00,0.00,0,0,0.00,0.00,0.00,0,0,0.00,0.00,0,0
1632346002,s1,0.00,107.00,107.00,107,0,0.00,1.00,1.00,1,0,0.00,0.00,0,0
1632346002,eth0,0.00,0.00,0.00,0,0,0.00,0.00,0.00,0,0,0.00,0.00,0,0
1632346002,eth1,0.00,0.00,0.00,0,0,0.00,0.00,0.00,0,0,0.00,0.00,0,0
1632346002,s2,0.00,107.00,107.00,107,0,0.00,1.00,1.00,1,0,0.00,0.00,0,0
1632346002,s1-eth2,150697.00,6157545.00,6308242.00,6157545,150697,2036.00,4068.00,6104.00,4068,2036,0.00,0.00,0,0
1632346002,s1-eth1,6157652.00,150516.00,6308168.00,150516,6157652,4069.00,2034.00,6103.00,2034,4069,0.00,0.00,0,0
1632346002,s3,0.00,214.00,214.00,214,0,0.00,2.00,2.00,2,0,0.00,0.00,0,0
1632346002,s2-eth2,150878.00,6155924.00,6306802.00,6155924,150878,2038.00,4066.00,6104.00,4066,2038,0.00,0.00,0,0
1632346002,s2-eth1,6157545.00,150697.00,6308242.00,150697,6157545,4068.00,2036.00,6104.00,2036,4068,0.00,0.00,0,0
1632346002,lo,1220.00,1220.00,2440.00,1220,1220,12.00,12.00,24.00,12,12,0.00,0.00,0,0
1632346002,s4,0.00,0.00,0.00,0,0,0.00,0.00,0.00,0,0,0.00,0.00,0,0
1632346002,s3-eth2,151327.00,6161980.00,6313307.00,6161980,151327,2040.00,4070.00,6110.00,4070,2040,0.00,0.00,0,0
1632346002,s3-eth1,6155924.00,150878.00,6306802.00,150878,6155924,4066.00,2038.00,6104.00,2038,4066,0.00,0.00,0,0
1632346002,total,18925244.00,18929188.00,37854432.00,18929188,18925243,18329.00,18328.00,36657.00,18328,18329,0.00,0.00,0,0
1632346003,s5,0.00,0.00,0.00,0,0,0.00,0.00,0.00,0,0,0.00,0.00,0,0
1632346003,s1,0.00,729.00,729.00,729,0,0.00,6.00,6.00,6,0,0.00,0.00,0,0
1632346003,eth0,0.00,0.00,0.00,0,0,0.00,0.00,0.00,0,0,0.00,0.00,0,0
1632346003,eth1,0.00,0.00,0.00,0,0,0.00,0.00,0.00,0,0,0.00,0.00,0,0
1632346003,s2,0.00,387.00,387.00,387,0,0.00,5.00,5.00,5,0,0.00,0.00,0,0
1632346003,s1-eth2,149324.00,6105107.00,6254431.00,6105107,149324,2018.00,4037.00,6055.00,4037,2018,0.00,0.00,0,0
1632346003,s1-eth1,6106691.00,149254.00,6255945.00,149254,6106691,4039.00,2017.00,6056.00,2017,4039,0.00,0.00,0,0
1632346003,s3,0.00,280.00,280.00,280,0,0.00,4.00,4.00,4,0,0.00,0.00,0,0
1632346003,s2-eth2,149246.00,6107723.00,6256969.00,6107723,149246,2017.00,4037.00,6054.00,4037,2017,0.00,0.00,0,0
1632346003,s2-eth1,6105107.00,149324.00,6254431.00,149324,6105107,4037.00,2018.00,6055.00,2018,4037,0.00,0.00,0,0
1632346003,lo,4152.00,4152.00,8304.00,4152,4152,45.00,45.00,90.00,45,45,0.00,0.00,0,0
1632346003,s4,0.00,0.00,0.00,0,0,0.00,0.00,0.00,0,0,0.00,0.00,0,0
1632346003,s3-eth2,149316.00,6110574.00,6259890.00,6110574,149316,2018.00,4037.00,6055.00,4037,2018,0.00,0.00,0,0
1632346003,s3-eth1,6107723.00,149246.00,6256969.00,149246,6107723,4037.00,2017.00,6054.00,2017,4037,0.00,0.00,0,0
1632346003,total,18771560.00,18776776.00,37548336.00,18776776,18771559,18211.00,18223.00,36434.00,18223,18211,0.00,0.00,0,0
1632346004,s5,0.00,0.00,0.00,0,0,0.00,0.00,0.00,0,0,0.00,0.00,0,0
1632346004,s1,70.00,482.00,552.00,482,70,1.00,3.00,4.00,3,1,0.00,0.00,0,0
1632346004,eth0,0.00,0.00,0.00,0,0,0.00,0.00,0.00,0,0,0.00,0.00,0,0
1632346004,eth1,0.00,0.00,0.00,0,0,0.00,0.00,0.00,0,0,0.00,0.00,0,0
1632346004,s2,70.00,482.00,552.00,482,70,1.00,3.00,4.00,3,1,0.00,0.00,0,0
1632346004,s1-eth2,149328.00,6107958.00,6257286.00,6107958,149328,2018.00,4037.00,6055.00,4037,2018,0.00,0.00,0,0
1632346004,s1-eth1,6109542.00,149332.00,6258874.00,149332,6109542,4039.00,2018.00,6057.00,2018,4039,0.00,0.00,0,0
1632346004,s3,70.00,140.00,210.00,140,70,1.00,2.00,3.00,2,1,0.00,0.00,0,0
1632346004,s2-eth2,149472.00,6107888.00,6257360.00,6107888,149472,2020.00,4036.00,6056.00,4036,2020,0.00,0.00,0,0
1632346004,s2-eth1,6107958.00,149328.00,6257286.00,149328,6107958,4037.00,2018.00,6055.00,2018,4037,0.00,0.00,0,0
1632346004,lo,3408.00,3408.00,6816.00,3408,3408,39.00,39.00,78.00,39,39,0.00,0.00,0,0
1632346004,s4,0.00,0.00,0.00,0,0,0.00,0.00,0.00,0,0,0.00,0.00,0,0
1632346004,s3-eth2,149542.00,6112018.00,6261560.00,6112018,149542,2021.00,4037.00,6058.00,4037,2021,0.00,0.00,0,0
1632346004,s3-eth1,6107888.00,149472.00,6257360.00,149472,6107888,4036.00,2020.00,6056.00,2020,4036,0.00,0.00,0,0
1632346004,total,18777348.00,18780508.00,37557856.00,18780508,18777348,18213.00,18213.00,36426.00,18213,18213,0.00,0.00,0,0
1632346005,s5,0.00,0.00,0.00,0,0,0.00,0.00,0.00,0,0,0.00,0.00,0,0
1632346005,s1,0.00,0.00,0.00,0,0,0.00,0.00,0.00,0,0,0.00,0.00,0,0
1632346005,eth0,0.00,0.00,0.00,0,0,0.00,0.00,0.00,0,0,0.00,0.00,0,0
1632346005,eth1,0.00,0.00,0.00,0,0,0.00,0.00,0.00,0,0,0.00,0.00,0,0
1632346005,s2,0.00,0.00,0.00,0,0,0.00,0.00,0.00,0,0,0.00,0.00,0,0
1632346005,s1-eth2,151552.00,6202858.00,6354410.00,6202858,151552,2048.00,4097.00,6145.00,4097,2048,0.00,0.00,0,0
1632346005,s1-eth1,6202858.00,151552.00,6354410.00,151552,6202858,4097.00,2048.00,6145.00,2048,4097,0.00,0.00,0,0
1632346005,s3,0.00,0.00,0.00,0,0,0.00,0.00,0.00,0,0,0.00,0.00,0,0
1632346005,s2-eth2,151626.00,6202858.00,6354484.00,6202858,151626,2049.00,4097.00,6146.00,4097,2049,0.00,0.00,0,0
1632346005,s2-eth1,6202858.00,151552.00,6354410.00,151552,6202858,4097.00,2048.00,6145.00,2048,4097,0.00,0.00,0,0
1632346005,lo,0.00,0.00,0.00,0,0,0.00,0.00,0.00,0,0,0.00,0.00,0,0
1632346005,s4,0.00,0.00,0.00,0,0,0.00,0.00,0.00,0,0,0.00,0.00,0,0
1632346005,s3-eth2,151552.00,6204372.00,6355924.00,6204372,151552,2048.00,4098.00,6146.00,4098,2048,0.00,0.00,0,0
1632346005,s3-eth1,6202858.00,151626.00,6354484.00,151626,6202858,4097.00,2049.00,6146.00,2049,4097,0.00,0.00,0,0
1632346005,total,19063304.00,19064818.00,38128120.00,19064818,19063304,18436.00,18437.00,36873.00,18437,18436,0.00,0.00,0,0
1632346006,s5,0.00,0.00,0.00,0,0,0.00,0.00,0.00,0,0,0.00,0.00,0,0
1632346006,s1,0.00,0.00,0.00,0,0,0.00,0.00,0.00,0,0,0.00,0.00,0,0
1632346006,eth0,0.00,0.00,0.00,0,0,0.00,0.00,0.00,0,0,0.00,0.00,0,0
1632346006,eth1,0.00,0.00,0.00,0,0,0.00,0.00,0.00,0,0,0.00,0.00,0,0
1632346006,s2,0.00,342.00,342.00,342,0,0.00,1.00,1.00,1,0,0.00,0.00,0,0
1632346006,s1-eth2,152042.00,6207400.00,6359442.00,6207400,152042,2051.00,4100.00,6151.00,4100,2051,0.00,0.00,0,0
1632346006,s1-eth1,6207400.00,151700.00,6359100.00,151700,6207400,4100.00,2050.00,6150.00,2050,4100,0.00,0.00,0,0
1632346006,s3,0.00,342.00,342.00,342,0,0.00,1.00,1.00,1,0,0.00,0.00,0,0
1632346006,s2-eth2,151968.00,6208914.00,6360882.00,6208914,151968,2050.00,4101.00,6151.00,4101,2050,0.00,0.00,0,0
1632346006,s2-eth1,6207400.00,152042.00,6359442.00,152042,6207400,4100.00,2051.00,6151.00,2051,4100,0.00,0.00,0,0
1632346006,lo,652.00,652.00,1304.00,652,652,6.00,6.00,12.00,6,6,0.00,0.00,0,0
1632346006,s4,0.00,0.00,0.00,0,0,0.00,0.00,0.00,0,0,0.00,0.00,0,0
1632346006,s3-eth2,152042.00,6207400.00,6359442.00,6207400,152042,2051.00,4100.00,6151.00,4100,2051,0.00,0.00,0,0
1632346006,s3-eth1,6208914.00,151968.00,6360882.00,151968,6208914,4101.00,2050.00,6151.00,2050,4101,0.00,0.00,0,0
1632346006,total,19080418.00,19080760.00,38161176.00,19080760,19080418,18459.00,18460.00,36919.00,18460,18459,0.00,0.00,0,0
1632346007,s5,0.00,0.00,0.00,0,0,0.00,0.00,0.00,0,0,0.00,0.00,0,0
1632346007,s1,0.00,0.00,0.00,0,0,0.00,0.00,0.00,0,0,0.00,0.00,0,0
1632346007,eth0,0.00,0.00,0.00,0,0,0.00,0.00,0.00,0,0,0.00,0.00,0,0
1632346007,eth1,0.00,0.00,0.00,0,0,0.00,0.00,0.00,0,0,0.00,0.00,0,0
1632346007,s2,0.00,0.00,0.00,0,0,0.00,0.00,0.00,0,0,0.00,0.00,0,0
1632346007,s1-eth2,151626.00,6205886.00,6357512.00,6205886,151626,2049.00,4099.00,6148.00,4099,2049,0.00,0.00,0,0
1632346007,s1-eth1,6204372.00,151626.00,6355998.00,151626,6204372,4098.00,2049.00,6147.00,2049,4098,0.00,0.00,0,0
1632346007,s3,0.00,0.00,0.00,0,0,0.00,0.00,0.00,0,0,0.00,0.00,0,0
1632346007,s2-eth2,151700.00,6204372.00,6356072.00,6204372,151700,2050.00,4098.00,6148.00,4098,2050,0.00,0.00,0,0
1632346007,s2-eth1,6205886.00,151700.00,6357586.00,151700,6205886,4099.00,2050.00,6149.00,2050,4099,0.00,0.00,0,0
1632346007,lo,0.00,0.00,0.00,0,0,0.00,0.00,0.00,0,0,0.00,0.00,0,0
1632346007,s4,0.00,0.00,0.00,0,0,0.00,0.00,0.00,0,0,0.00,0.00,0,0
1632346007,s3-eth2,151626.00,6204372.00,6355998.00,6204372,151626,2049.00,4098.00,6147.00,4098,2049,0.00,0.00,0,0
1632346007,s3-eth1,6204372.00,151700.00,6356072.00,151700,6204372,4098.00,2050.00,6148.00,2050,4098,0.00,0.00,0,0
1632346007,total,19069582.00,19069656.00,38139240.00,19069656,19069582,18443.00,18444.00,36887.00,18444,18443,0.00,0.00,0,0
1632346008,s5,0.00,0.00,0.00,0,0,0.00,0.00,0.00,0,0,0.00,0.00,0,0
1632346008,s1,0.00,0.00,0.00,0,0,0.00,0.00,0.00,0,0,0.00,0.00,0,0
1632346008,eth0,0.00,0.00,0.00,0,0,0.00,0.00,0.00,0,0,0.00,0.00,0,0
1632346008,eth1,0.00,0.00,0.00,0,0,0.00,0.00,0.00,0,0,0.00,0.00,0,0
1632346008,s2,0.00,0.00,0.00,0,0,0.00,0.00,0.00,0,0,0.00,0.00,0,0
1632346008,s1-eth2,150812.00,6171064.00,6321876.00,6171064,150812,2038.00,4076.00,6114.00,4076,2038,0.00,0.00,0,0
1632346008,s1-eth1,6171064.00,150812.00,6321876.00,150812,6171064,4076.00,2038.00,6114.00,2038,4076,0.00,0.00,0,0
1632346008,s3,0.00,342.00,342.00,342,0,0.00,1.00,1.00,1,0,0.00,0.00,0,0
1632346008,s2-eth2,151080.00,6169550.00,6320630.00,6169550,151080,2038.00,4075.00,6113.00,4075,2038,0.00,0.00,0,0
1632346008,s2-eth1,6171064.00,150738.00,6321802.00,150738,6171064,4076.00,2037.00,6113.00,2037,4076,0.00,0.00,0,0
1632346008,lo,498.00,498.00,996.00,498,498,6.00,6.00,12.00,6,6,0.00,0.00,0,0
1632346008,s4,0.00,0.00,0.00,0,0,0.00,0.00,0.00,0,0,0.00,0.00,0,0
1632346008,s3-eth2,151154.00,6171064.00,6322218.00,6171064,151154,2039.00,4076.00,6115.00,4076,2039,0.00,0.00,0,0
1632346008,s3-eth1,6169550.00,151080.00,6320630.00,151080,6169550,4075.00,2038.00,6113.00,2038,4075,0.00,0.00,0,0
1632346008,total,18965222.00,18965148.00,37930368.00,18965148,18965222,18348.00,18347.00,36695.00,18347,18348,0.00,0.00,0,0
1632346009,s5,0.00,0.00,0.00,0,0,0.00,0.00,0.00,0,0,0.00,0.00,0,0
1632346009,s1,0.00,0.00,0.00,0,0,0.00,0.00,0.00,0,0,0.00,0.00,0,0
1632346009,eth0,0.00,0.00,0.00,0,0,0.00,0.00,0.00,0,0,0.00,0.00,0,0
1632346009,eth1,0.00,0.00,0.00,0,0,0.00,0.00,0.00,0,0,0.00,0.00,0,0
1632346009,s2,0.00,0.00,0.00,0,0,0.00,0.00,0.00,0,0,0.00,0.00,0,0
1632346009,s1-eth2,150146.00,6145326.00,6295472.00,6145326,150146,2029.00,4059.00,6088.00,4059,2029,0.00,0.00,0,0
1632346009,s1-eth1,6143812.00,150146.00,6293958.00,150146,6143812,4058.00,2029.00,6087.00,2029,4058,0.00,0.00,0,0
1632346009,s3,0.00,0.00,0.00,0,0,0.00,0.00,0.00,0,0,0.00,0.00,0,0
1632346009,s2-eth2,150220.00,6143812.00,6294032.00,6143812,150220,2030.00,4058.00,6088.00,4058,2030,0.00,0.00,0,0
1632346009,s2-eth1,6145326.00,150146.00,6295472.00,150146,6145326,4059.00,2029.00,6088.00,2029,4059,0.00,0.00,0,0
1632346009,lo,344.00,344.00,688.00,344,344,6.00,6.00,12.00,6,6,0.00,0.00,0,0
1632346009,s4,0.00,0.00,0.00,0,0,0.00,0.00,0.00,0,0,0.00,0.00,0,0
1632346009,s3-eth2,150146.00,6143812.00,6293958.00,6143812,150146,2029.00,4058.00,6087.00,4058,2029,0.00,0.00,0,0
1632346009,s3-eth1,6143812.00,150220.00,6294032.00,150220,6143812,4058.00,2030.00,6088.00,2030,4058,0.00,0.00,0,0
1632346009,total,18883806.00,18883806.00,37767612.00,18883806,18883806,18269.00,18269.00,36538.00,18269,18269,0.00,0.00,0,0
1632346010,s5,0.00,0.00,0.00,0,0,0.00,0.00,0.00,0,0,0.00,0.00,0,0
1632346010,s1,0.00,107.00,107.00,107,0,0.00,1.00,1.00,1,0,0.00,0.00,0,0
1632346010,eth0,0.00,0.00,0.00,0,0,0.00,0.00,0.00,0,0,0.00,0.00,0,0
1632346010,eth1,0.00,0.00,0.00,0,0,0.00,0.00,0.00,0,0,0.00,0.00,0,0
1632346010,s2,0.00,107.00,107.00,107,0,0.00,1.00,1.00,1,0,0.00,0.00,0,0
1632346010,s1-eth2,150845.00,6160573.00,6311418.00,6160573,150845,2038.00,4070.00,6108.00,4070,2038,0.00,0.00,0,0
1632346010,s1-eth1,6164050.00,150664.00,6314714.00,150664,6164050,4074.00,2036.00,6110.00,2036,4074,0.00,0.00,0,0
1632346010,s3,0.00,214.00,214.00,214,0,0.00,2.00,2.00,2,0,0.00,0.00,0,0
1632346010,s2-eth2,150878.00,6163494.00,6314372.00,6163494,150878,2038.00,4071.00,6109.00,4071,2038,0.00,0.00,0,0
1632346010,s2-eth1,6160573.00,150845.00,6311418.00,150845,6160573,4070.00,2038.00,6108.00,2038,4070,0.00,0.00,0,0
1632346010,lo,1392.00,1392.00,2784.00,1392,1392,15.00,15.00,30.00,15,15,0.00,0.00,0,0
1632346010,s4,0.00,0.00,0.00,0,0,0.00,0.00,0.00,0,0,0.00,0.00,0,0
1632346010,s3-eth2,151133.00,6165008.00,6316141.00,6165008,151133,2041.00,4072.00,6113.00,4072,2041,0.00,0.00,0,0
1632346010,s3-eth1,6163494.00,150878.00,6314372.00,150878,6163494,4071.00,2038.00,6109.00,2038,4071,0.00,0.00,0,0
1632346010,total,18942364.00,18943282.00,37885648.00,18943282,18942365,18347.00,18344.00,36691.00,18344,18347,0.00,0.00,0,0
1632346011,s5,0.00,0.00,0.00,0,0,0.00,0.00,0.00,0,0,0.00,0.00,0,0
1632346011,s1,0.00,107.00,107.00,107,0,0.00,1.00,1.00,1,0,0.00,0.00,0,0
1632346011,eth0,0.00,0.00,0.00,0,0,0.00,0.00,0.00,0,0,0.00,0.00,0,0
1632346011,eth1,0.00,0.00,0.00,0,0,0.00,0.00,0.00,0,0,0.00,0.00,0,0
1632346011,s2,0.00,107.00,107.00,107,0,0.00,1.00,1.00,1,0,0.00,0.00,0,0
1632346011,s1-eth2,150294.00,6154517.00,6304811.00,6154517,150294,2031.00,4066.00,6097.00,4066,2031,0.00,0.00,0,0
1632346011,s1-eth1,6153003.00,150368.00,6303371.00,150368,6153003,4065.00,2032.00,6097.00,2032,4065,0.00,0.00,0,0
1632346011,s3,0.00,0.00,0.00,0,0,0.00,0.00,0.00,0,0,0.00,0.00,0,0
1632346011,s2-eth2,150294.00,6154517.00,6304811.00,6154517,150294,2031.00,4066.00,6097.00,4066,2031,0.00,0.00,0,0
1632346011,s2-eth1,6154517.00,150294.00,6304811.00,150294,6154517,4066.00,2031.00,6097.00,2031,4066,0.00,0.00,0,0
1632346011,lo,610.00,610.00,1220.00,610,610,6.00,6.00,12.00,6,6,0.00,0.00,0,0
1632346011,s4,0.00,0.00,0.00,0,0,0.00,0.00,0.00,0,0,0.00,0.00,0,0
1632346011,s3-eth2,150294.00,6154410.00,6304704.00,6154410,150294,2031.00,4065.00,6096.00,4065,2031,0.00,0.00,0,0
1632346011,s3-eth1,6154517.00,150294.00,6304811.00,150294,6154517,4066.00,2031.00,6097.00,2031,4066,0.00,0.00,0,0
1632346011,total,18913528.00,18915224.00,37828752.00,18915224,18913529,18296.00,18299.00,36595.00,18299,18296,0.00,0.00,0,0
1632346012,s5,0.00,0.00,0.00,0,0,0.00,0.00,0.00,0,0,0.00,0.00,0,0
1632346012,s1,0.00,0.00,0.00,0,0,0.00,0.00,0.00,0,0,0.00,0.00,0,0
1632346012,eth0,0.00,0.00,0.00,0,0,0.00,0.00,0.00,0,0,0.00,0.00,0,0
1632346012,eth1,0.00,0.00,0.00,0,0,0.00,0.00,0.00,0,0,0.00,0.00,0,0
1632346012,s2,0.00,0.00,0.00,0,0,0.00,0.00,0.00,0,0,0.00,0.00,0,0
1632346012,s1-eth2,150738.00,6171064.00,6321802.00,6171064,150738,2037.00,4076.00,6113.00,4076,2037,0.00,0.00,0,0
1632346012,s1-eth1,6168036.00,150738.00,6318774.00,150738,6168036,4074.00,2037.00,6111.00,2037,4074,0.00,0.00,0,0
1632346012,s3,0.00,0.00,0.00,0,0,0.00,0.00,0.00,0,0,0.00,0.00,0,0
1632346012,s2-eth2,150738.00,6172578.00,6323316.00,6172578,150738,2037.00,4077.00,6114.00,4077,2037,0.00,0.00,0,0
1632346012,s2-eth1,6171064.00,150738.00,6321802.00,150738,6171064,4076.00,2037.00,6113.00,2037,4076,0.00,0.00,0,0
1632346012,lo,0.00,0.00,0.00,0,0,0.00,0.00,0.00,0,0,0.00,0.00,0,0
1632346012,s4,0.00,0.00,0.00,0,0,0.00,0.00,0.00,0,0,0.00,0.00,0,0
1632346012,s3-eth2,150664.00,6171064.00,6321728.00,6171064,150664,2036.00,4076.00,6112.00,4076,2036,0.00,0.00,0,0
1632346012,s3-eth1,6172578.00,150738.00,6323316.00,150738,6172578,4077.00,2037.00,6114.00,2037,4077,0.00,0.00,0,0
1632346012,total,18963818.00,18966920.00,37930736.00,18966920,18963818,18337.00,18340.00,36677.00,18340,18337,0.00,0.00,0,0
1632346013,s5,0.00,0.00,0.00,0,0,0.00,0.00,0.00,0,0,0.00,0.00,0,0
1632346013,s1,0.00,0.00,0.00,0,0,0.00,0.00,0.00,0,0,0.00,0.00,0,0
1632346013,eth0,0.00,0.00,0.00,0,0,0.00,0.00,0.00,0,0,0.00,0.00,0,0
1632346013,eth1,0.00,0.00,0.00,0,0,0.00,0.00,0.00,0,0,0.00,0.00,0,0
1632346013,s2,0.00,0.00,0.00,0,0,0.00,0.00,0.00,0,0,0.00,0.00,0,0
1632346013,s1-eth2,151108.00,6178634.00,6329742.00,6178634,151108,2042.00,4081.00,6123.00,4081,2042,0.00,0.00,0,0
1632346013,s1-eth1,6180148.00,151108.00,6331256.00,151108,6180148,4082.00,2042.00,6124.00,2042,4082,0.00,0.00,0,0
1632346013,s3,0.00,0.00,0.00,0,0,0.00,0.00,0.00,0,0,0.00,0.00,0,0
1632346013,s2-eth2,151256.00,6180148.00,6331404.00,6180148,151256,2044.00,4082.00,6126.00,4082,2044,0.00,0.00,0,0
1632346013,s2-eth1,6178634.00,151108.00,6329742.00,151108,6178634,4081.00,2042.00,6123.00,2042,4081,0.00,0.00,0,0
1632346013,lo,0.00,0.00,0.00,0,0,0.00,0.00,0.00,0,0,0.00,0.00,0,0
1632346013,s4,0.00,0.00,0.00,0,0,0.00,0.00,0.00,0,0,0.00,0.00,0,0
1632346013,s3-eth2,151524.00,6180148.00,6331672.00,6180148,151524,2044.00,4082.00,6126.00,4082,2044,0.00,0.00,0,0
1632346013,s3-eth1,6180148.00,151256.00,6331404.00,151256,6180148,4082.00,2044.00,6126.00,2044,4082,0.00,0.00,0,0
1632346013,total,18992818.00,18992402.00,37985220.00,18992402,18992818,18375.00,18373.00,36748.00,18373,18375,0.00,0.00,0,0
1632346014,s5,0.00,0.00,0.00,0,0,0.00,0.00,0.00,0,0,0.00,0.00,0,0
1632346014,s1,0.00,0.00,0.00,0,0,0.00,0.00,0.00,0,0,0.00,0.00,0,0
1632346014,eth0,0.00,0.00,0.00,0,0,0.00,0.00,0.00,0,0,0.00,0.00,0,0
1632346014,eth1,0.00,0.00,0.00,0,0,0.00,0.00,0.00,0,0,0.00,0.00,0,0
1632346014,s2,0.00,0.00,0.00,0,0,0.00,0.00,0.00,0,0,0.00,0.00,0,0
1632346014,s1-eth2,151034.00,6181662.00,6332696.00,6181662,151034,2041.00,4083.00,6124.00,4083,2041,0.00,0.00,0,0
1632346014,s1-eth1,6184690.00,151034.00,6335724.00,151034,6184690,4085.00,2041.00,6126.00,2041,4085,0.00,0.00,0,0
1632346014,s3,0.00,0.00,0.00,0,0,0.00,0.00,0.00,0,0,0.00,0.00,0,0
1632346014,s2-eth2,150886.00,6181662.00,6332548.00,6181662,150886,2039.00,4083.00,6122.00,4083,2039,0.00,0.00,0,0
1632346014,s2-eth1,6181662.00,151034.00,6332696.00,151034,6181662,4083.00,2041.00,6124.00,2041,4083,0.00,0.00,0,0
1632346014,lo,344.00,344.00,688.00,344,344,6.00,6.00,12.00,6,6,0.00,0.00,0,0
1632346014,s4,0.00,0.00,0.00,0,0,0.00,0.00,0.00,0,0,0.00,0.00,0,0
1632346014,s3-eth2,150960.00,6183176.00,6334136.00,6183176,150960,2040.00,4084.00,6124.00,4084,2040,0.00,0.00,0,0
1632346014,s3-eth1,6181662.00,150886.00,6332548.00,150886,6181662,4083.00,2039.00,6122.00,2039,4083,0.00,0.00,0,0
1632346014,total,19001238.00,18999798.00,38001036.00,18999798,19001238,18377.00,18377.00,36754.00,18377,18377,0.00,0.00,0,0
1632346015,s5,0.00,0.00,0.00,0,0,0.00,0.00,0.00,0,0,0.00,0.00,0,0
1632346015,s1,0.00,0.00,0.00,0,0,0.00,0.00,0.00,0,0,0.00,0.00,0,0
1632346015,eth0,0.00,0.00,0.00,0,0,0.00,0.00,0.00,0,0,0.00,0.00,0,0
1632346015,eth1,0.00,0.00,0.00,0,0,0.00,0.00,0.00,0,0,0.00,0.00,0,0
1632346015,s2,0.00,0.00,0.00,0,0,0.00,0.00,0.00,0,0,0.00,0.00,0,0
1632346015,s1-eth2,150886.00,6174092.00,6324978.00,6174092,150886,2039.00,4078.00,6117.00,4078,2039,0.00,0.00,0,0
1632346015,s1-eth1,6174092.00,150886.00,6324978.00,150886,6174092,4078.00,2039.00,6117.00,2039,4078,0.00,0.00,0,0
1632346015,s3,0.00,0.00,0.00,0,0,0.00,0.00,0.00,0,0,0.00,0.00,0,0
1632346015,s2-eth2,150960.00,6174092.00,6325052.00,6174092,150960,2040.00,4078.00,6118.00,4078,2040,0.00,0.00,0,0
1632346015,s2-eth1,6174092.00,150886.00,6324978.00,150886,6174092,4078.00,2039.00,6117.00,2039,4078,0.00,0.00,0,0
1632346015,lo,516.00,516.00,1032.00,516,516,9.00,9.00,18.00,9,9,0.00,0.00,0,0
1632346015,s4,0.00,0.00,0.00,0,0,0.00,0.00,0.00,0,0,0.00,0.00,0,0
1632346015,s3-eth2,150886.00,6174092.00,6324978.00,6174092,150886,2039.00,4078.00,6117.00,4078,2039,0.00,0.00,0,0
1632346015,s3-eth1,6174092.00,150960.00,6325052.00,150960,6174092,4078.00,2040.00,6118.00,2040,4078,0.00,0.00,0,0
1632346015,total,18975524.00,18975524.00,37951048.00,18975524,18975524,18361.00,18361.00,36722.00,18361,18361,0.00,0.00,0,0
1632346016,s5,0.00,0.00,0.00,0,0,0.00,0.00,0.00,0,0,0.00,0.00,0,0
1632346016,s1,0.00,0.00,0.00,0,0,0.00,0.00,0.00,0,0,0.00,0.00,0,0
1632346016,eth0,0.00,0.00,0.00,0,0,0.00,0.00,0.00,0,0,0.00,0.00,0,0
1632346016,eth1,0.00,0.00,0.00,0,0,0.00,0.00,0.00,0,0,0.00,0.00,0,0
1632346016,s2,0.00,342.00,342.00,342,0,0.00,1.00,1.00,1,0,0.00,0.00,0,0
1632346016,s1-eth2,150784.00,6155924.00,6306708.00,6155924,150784,2034.00,4066.00,6100.00,4066,2034,0.00,0.00,0,0
1632346016,s1-eth1,6155924.00,150442.00,6306366.00,150442,6155924,4066.00,2033.00,6099.00,2033,4066,0.00,0.00,0,0
1632346016,s3,0.00,342.00,342.00,342,0,0.00,1.00,1.00,1,0,0.00,0.00,0,0
1632346016,s2-eth2,150784.00,6152896.00,6303680.00,6152896,150784,2034.00,4064.00,6098.00,4064,2034,0.00,0.00,0,0
1632346016,s2-eth1,6155924.00,150784.00,6306708.00,150784,6155924,4066.00,2034.00,6100.00,2034,4066,0.00,0.00,0,0
1632346016,lo,652.00,652.00,1304.00,652,652,6.00,6.00,12.00,6,6,0.00,0.00,0,0
1632346016,s4,0.00,0.00,0.00,0,0,0.00,0.00,0.00,0,0,0.00,0.00,0,0
1632346016,s3-eth2,150784.00,6155924.00,6306708.00,6155924,150784,2034.00,4066.00,6100.00,4066,2034,0.00,0.00,0,0
1632346016,s3-eth1,6152896.00,150784.00,6303680.00,150784,6152896,4064.00,2034.00,6098.00,2034,4064,0.00,0.00,0,0
1632346016,total,18917748.00,18918090.00,37835840.00,18918090,18917748,18304.00,18305.00,36609.00,18305,18304,0.00,0.00,0,0
1632346017,s5,0.00,0.00,0.00,0,0,0.00,0.00,0.00,0,0,0.00,0.00,0,0
1632346017,s1,0.00,0.00,0.00,0,0,0.00,0.00,0.00,0,0,0.00,0.00,0,0
1632346017,eth0,0.00,0.00,0.00,0,0,0.00,0.00,0.00,0,0,0.00,0.00,0,0
1632346017,eth1,0.00,0.00,0.00,0,0,0.00,0.00,0.00,0,0,0.00,0.00,0,0
1632346017,s2,0.00,0.00,0.00,0,0,0.00,0.00,0.00,0,0,0.00,0.00,0,0
1632346017,s1-eth2,151700.00,6207400.00,6359100.00,6207400,151700,2050.00,4100.00,6150.00,4100,2050,0.00,0.00,0,0
1632346017,s1-eth1,6205886.00,151700.00,6357586.00,151700,6205886,4099.00,2050.00,6149.00,2050,4099,0.00,0.00,0,0
1632346017,s3,0.00,0.00,0.00,0,0,0.00,0.00,0.00,0,0,0.00,0.00,0,0
1632346017,s2-eth2,151774.00,6205886.00,6357660.00,6205886,151774,2051.00,4099.00,6150.00,4099,2051,0.00,0.00,0,0
1632346017,s2-eth1,6207400.00,151700.00,6359100.00,151700,6207400,4100.00,2050.00,6150.00,2050,4100,0.00,0.00,0,0
1632346017,lo,0.00,0.00,0.00,0,0,0.00,0.00,0.00,0,0,0.00,0.00,0,0
1632346017,s4,0.00,0.00,0.00,0,0,0.00,0.00,0.00,0,0,0.00,0.00,0,0
1632346017,s3-eth2,151774.00,6205886.00,6357660.00,6205886,151774,2051.00,4099.00,6150.00,4099,2051,0.00,0.00,0,0
1632346017,s3-eth1,6205886.00,151774.00,6357660.00,151774,6205886,4099.00,2051.00,6150.00,2051,4099,0.00,0.00,0,0
1632346017,total,19074420.00,19074346.00,38148768.00,19074346,19074420,18450.00,18449.00,36899.00,18449,18450,0.00,0.00,0,0
1632346018,s5,0.00,0.00,0.00,0,0,0.00,0.00,0.00,0,0,0.00,0.00,0,0
1632346018,s1,0.00,0.00,0.00,0,0,0.00,0.00,0.00,0,0,0.00,0.00,0,0
1632346018,eth0,0.00,0.00,0.00,0,0,0.00,0.00,0.00,0,0,0.00,0.00,0,0
1632346018,eth1,0.00,0.00,0.00,0,0,0.00,0.00,0.00,0,0,0.00,0.00,0,0
1632346018,s2,0.00,0.00,0.00,0,0,0.00,0.00,0.00,0,0,0.00,0.00,0,0
1632346018,s1-eth2,150960.00,6174092.00,6325052.00,6174092,150960,2040.00,4078.00,6118.00,4078,2040,0.00,0.00,0,0
1632346018,s1-eth1,6174092.00,150886.00,6324978.00,150886,6174092,4078.00,2039.00,6117.00,2039,4078,0.00,0.00,0,0
1632346018,s3,0.00,0.00,0.00,0,0,0.00,0.00,0.00,0,0,0.00,0.00,0,0
1632346018,s2-eth2,150886.00,6175606.00,6326492.00,6175606,150886,2039.00,4079.00,6118.00,4079,2039,0.00,0.00,0,0
1632346018,s2-eth1,6174092.00,150960.00,6325052.00,150960,6174092,4078.00,2040.00,6118.00,2040,4078,0.00,0.00,0,0
1632346018,lo,0.00,0.00,0.00,0,0,0.00,0.00,0.00,0,0,0.00,0.00,0,0
1632346018,s4,0.00,0.00,0.00,0,0,0.00,0.00,0.00,0,0,0.00,0.00,0,0
1632346018,s3-eth2,151034.00,6175606.00,6326640.00,6175606,151034,2041.00,4079.00,6120.00,4079,2041,0.00,0.00,0,0
1632346018,s3-eth1,6175606.00,150886.00,6326492.00,150886,6175606,4079.00,2039.00,6118.00,2039,4079,0.00,0.00,0,0
1632346018,total,18976670.00,18978036.00,37954704.00,18978036,18976670,18355.00,18354.00,36709.00,18354,18355,0.00,0.00,0,0
1632346019,s5,0.00,0.00,0.00,0,0,0.00,0.00,0.00,0,0,0.00,0.00,0,0
1632346019,s1,0.00,0.00,0.00,0,0,0.00,0.00,0.00,0,0,0.00,0.00,0,0
1632346019,eth0,0.00,0.00,0.00,0,0,0.00,0.00,0.00,0,0,0.00,0.00,0,0
1632346019,eth1,0.00,0.00,0.00,0,0,0.00,0.00,0.00,0,0,0.00,0.00,0,0
1632346019,s2,0.00,0.00,0.00,0,0,0.00,0.00,0.00,0,0,0.00,0.00,0,0
1632346019,s1-eth2,151330.00,6193774.00,6345104.00,6193774,151330,2045.00,4091.00,6136.00,4091,2045,0.00,0.00,0,0
1632346019,s1-eth1,6195630.00,151404.00,6347034.00,151404,6195630,4093.00,2046.00,6139.00,2046,4093,0.00,0.00,0,0
1632346019,s3,0.00,0.00,0.00,0,0,0.00,0.00,0.00,0,0,0.00,0.00,0,0
1632346019,s2-eth2,151256.00,6195288.00,6346544.00,6195288,151256,2044.00,4092.00,6136.00,4092,2044,0.00,0.00,0,0
1632346019,s2-eth1,6193774.00,151330.00,6345104.00,151330,6193774,4091.00,2045.00,6136.00,2045,4091,0.00,0.00,0,0
1632346019,lo,344.00,344.00,688.00,344,344,6.00,6.00,12.00,6,6,0.00,0.00,0,0
1632346019,s4,0.00,0.00,0.00,0,0,0.00,0.00,0.00,0,0,0.00,0.00,0,0
1632346019,s3-eth2,151108.00,6195288.00,6346396.00,6195288,151108,2042.00,4092.00,6134.00,4092,2042,0.00,0.00,0,0
1632346019,s3-eth1,6195288.00,151256.00,6346544.00,151256,6195288,4092.00,2044.00,6136.00,2044,4092,0.00,0.00,0,0
1632346019,total,19038730.00,19038684.00,38077416.00,19038684,19038730,18413.00,18416.00,36829.00,18416,18413,0.00,0.00,0,0
1632346020,s5,0.00,0.00,0.00,0,0,0.00,0.00,0.00,0,0,0.00,0.00,0,0
1632346020,s1,0.00,0.00,0.00,0,0,0.00,0.00,0.00,0,0,0.00,0.00,0,0
1632346020,eth0,0.00,0.00,0.00,0,0,0.00,0.00,0.00,0,0,0.00,0.00,0,0
1632346020,eth1,0.00,0.00,0.00,0,0,0.00,0.00,0.00,0,0,0.00,0.00,0,0
1632346020,s2,0.00,0.00,0.00,0,0,0.00,0.00,0.00,0,0,0.00,0.00,0,0
1632346020,s1-eth2,150072.00,6143812.00,6293884.00,6143812,150072,2028.00,4058.00,6086.00,4058,2028,0.00,0.00,0,0
1632346020,s1-eth1,6143812.00,150072.00,6293884.00,150072,6143812,4058.00,2028.00,6086.00,2028,4058,0.00,0.00,0,0
1632346020,s3,0.00,0.00,0.00,0,0,0.00,0.00,0.00,0,0,0.00,0.00,0,0
1632346020,s2-eth2,150146.00,6142298.00,6292444.00,6142298,150146,2029.00,4057.00,6086.00,4057,2029,0.00,0.00,0,0
1632346020,s2-eth1,6143812.00,150072.00,6293884.00,150072,6143812,4058.00,2028.00,6086.00,2028,4058,0.00,0.00,0,0
1632346020,lo,172.00,172.00,344.00,172,172,3.00,3.00,6.00,3,3,0.00,0.00,0,0
1632346020,s4,0.00,0.00,0.00,0,0,0.00,0.00,0.00,0,0,0.00,0.00,0,0
1632346020,s3-eth2,150146.00,6142298.00,6292444.00,6142298,150146,2029.00,4057.00,6086.00,4057,2029,0.00,0.00,0,0
1632346020,s3-eth1,6142298.00,150146.00,6292444.00,150146,6142298,4057.00,2029.00,6086.00,2029,4057,0.00,0.00,0,0
1632346020,total,18880458.00,18878870.00,37759328.00,18878870,18880458,18262.00,18260.00,36522.00,18260,18262,0.00,0.00,0,0
1632346021,s5,0.00,0.00,0.00,0,0,0.00,0.00,0.00,0,0,0.00,0.00,0,0
1632346021,s1,0.00,684.00,684.00,684,0,0.00,2.00,2.00,2,0,0.00,0.00,0,0
1632346021,eth0,0.00,0.00,0.00,0,0,0.00,0.00,0.00,0,0,0.00,0.00,0,0
1632346021,eth1,0.00,0.00,0.00,0,0,0.00,0.00,0.00,0,0,0.00,0.00,0,0
1632346021,s2,0.00,342.00,342.00,342,0,0.00,1.00,1.00,1,0,0.00,0.00,0,0
1632346021,s1-eth2,149702.00,6126328.00,6276030.00,6126328,149702,2023.00,4048.00,6071.00,4048,2023,0.00,0.00,0,0
1632346021,s1-eth1,6124814.00,149702.00,6274516.00,149702,6124814,4047.00,2023.00,6070.00,2023,4047,0.00,0.00,0,0
1632346021,s3,0.00,0.00,0.00,0,0,0.00,0.00,0.00,0,0,0.00,0.00,0,0
1632346021,s2-eth2,149628.00,6125986.00,6275614.00,6125986,149628,2022.00,4047.00,6069.00,4047,2022,0.00,0.00,0,0
1632346021,s2-eth1,6126328.00,149702.00,6276030.00,149702,6126328,4048.00,2023.00,6071.00,2023,4048,0.00,0.00,0,0
1632346021,lo,1150.00,1150.00,2300.00,1150,1150,12.00,12.00,24.00,12,12,0.00,0.00,0,0
1632346021,s4,0.00,0.00,0.00,0,0,0.00,0.00,0.00,0,0,0.00,0.00,0,0
1632346021,s3-eth2,149702.00,6130186.00,6279888.00,6130186,149702,2023.00,4049.00,6072.00,4049,2023,0.00,0.00,0,0
1632346021,s3-eth1,6125986.00,149628.00,6275614.00,149628,6125986,4047.00,2022.00,6069.00,2022,4047,0.00,0.00,0,0
1632346021,total,18827310.00,18833708.00,37661016.00,18833708,18827310,18222.00,18227.00,36449.00,18227,18222,0.00,0.00,0,0
1632346022,s5,0.00,0.00,0.00,0,0,0.00,0.00,0.00,0,0,0.00,0.00,0,0
1632346022,s1,0.00,0.00,0.00,0,0,0.00,0.00,0.00,0,0,0.00,0.00,0,0
1632346022,eth0,0.00,0.00,0.00,0,0,0.00,0.00,0.00,0,0,0.00,0.00,0,0
1632346022,eth1,0.00,0.00,0.00,0,0,0.00,0.00,0.00,0,0,0.00,0.00,0,0
1632346022,s2,0.00,0.00,0.00,0,0,0.00,0.00,0.00,0,0,0.00,0.00,0,0
1632346022,s1-eth2,150220.00,6145326.00,6295546.00,6145326,150220,2030.00,4059.00,6089.00,4059,2030,0.00,0.00,0,0
1632346022,s1-eth1,6145326.00,150220.00,6295546.00,150220,6145326,4059.00,2030.00,6089.00,2030,4059,0.00,0.00,0,0
1632346022,s3,0.00,0.00,0.00,0,0,0.00,0.00,0.00,0,0,0.00,0.00,0,0
1632346022,s2-eth2,150220.00,6148354.00,6298574.00,6148354,150220,2030.00,4061.00,6091.00,4061,2030,0.00,0.00,0,0
1632346022,s2-eth1,6145326.00,150220.00,6295546.00,150220,6145326,4059.00,2030.00,6089.00,2030,4059,0.00,0.00,0,0
1632346022,lo,0.00,0.00,0.00,0,0,0.00,0.00,0.00,0,0,0.00,0.00,0,0
1632346022,s4,0.00,0.00,0.00,0,0,0.00,0.00,0.00,0,0,0.00,0.00,0,0
1632346022,s3-eth2,150220.00,6145326.00,6295546.00,6145326,150220,2030.00,4059.00,6089.00,4059,2030,0.00,0.00,0,0
1632346022,s3-eth1,6148354.00,150220.00,6298574.00,150220,6148354,4061.00,2030.00,6091.00,2030,4061,0.00,0.00,0,0
1632346022,total,18889666.00,18889666.00,37779332.00,18889666,18889666,18269.00,18269.00,36538.00,18269,18269,0.00,0.00,0,0
1632346023,s5,0.00,0.00,0.00,0,0,0.00,0.00,0.00,0,0,0.00,0.00,0,0
1632346023,s1,0.00,0.00,0.00,0,0,0.00,0.00,0.00,0,0,0.00,0.00,0,0
1632346023,eth0,0.00,0.00,0.00,0,0,0.00,0.00,0.00,0,0,0.00,0.00,0,0
1632346023,eth1,0.00,0.00,0.00,0,0,0.00,0.00,0.00,0,0,0.00,0.00,0,0
1632346023,s2,0.00,0.00,0.00,0,0,0.00,0.00,0.00,0,0,0.00,0.00,0,0
1632346023,s1-eth2,150294.00,6152896.00,6303190.00,6152896,150294,2031.00,4064.00,6095.00,4064,2031,0.00,0.00,0,0
1632346023,s1-eth1,6151382.00,150294.00,6301676.00,150294,6151382,4063.00,2031.00,6094.00,2031,4063,0.00,0.00,0,0
1632346023,s3,0.00,0.00,0.00,0,0,0.00,0.00,0.00,0,0,0.00,0.00,0,0
1632346023,s2-eth2,150368.00,6154410.00,6304778.00,6154410,150368,2032.00,4065.00,6097.00,4065,2032,0.00,0.00,0,0
1632346023,s2-eth1,6152896.00,150294.00,6303190.00,150294,6152896,4064.00,2031.00,6095.00,2031,4064,0.00,0.00,0,0
1632346023,lo,0.00,0.00,0.00,0,0,0.00,0.00,0.00,0,0,0.00,0.00,0,0
1632346023,s4,0.00,0.00,0.00,0,0,0.00,0.00,0.00,0,0,0.00,0.00,0,0
1632346023,s3-eth2,150294.00,6148354.00,6298648.00,6148354,150294,2031.00,4061.00,6092.00,4061,2031,0.00,0.00,0,0
1632346023,s3-eth1,6154410.00,150368.00,6304778.00,150368,6154410,4065.00,2032.00,6097.00,2032,4065,0.00,0.00,0,0
1632346023,total,18909644.00,18906616.00,37816260.00,18906616,18909644,18286.00,18284.00,36570.00,18284,18286,0.00,0.00,0,0
1632346024,s5,0.00,0.00,0.00,0,0,0.00,0.00,0.00,0,0,0.00,0.00,0,0
1632346024,s1,0.00,0.00,0.00,0,0,0.00,0.00,0.00,0,0,0.00,0.00,0,0
1632346024,eth0,0.00,0.00,0.00,0,0,0.00,0.00,0.00,0,0,0.00,0.00,0,0
1632346024,eth1,0.00,0.00,0.00,0,0,0.00,0.00,0.00,0,0,0.00,0.00,0,0
1632346024,s2,0.00,0.00,0.00,0,0,0.00,0.00,0.00,0,0,0.00,0.00,0,0
1632346024,s1-eth2,150590.00,6158952.00,6309542.00,6158952,150590,2035.00,4068.00,6103.00,4068,2035,0.00,0.00,0,0
1632346024,s1-eth1,6157438.00,150590.00,6308028.00,150590,6157438,4067.00,2035.00,6102.00,2035,4067,0.00,0.00,0,0
1632346024,s3,0.00,0.00,0.00,0,0,0.00,0.00,0.00,0,0,0.00,0.00,0,0
1632346024,s2-eth2,150664.00,6160466.00,6311130.00,6160466,150664,2036.00,4069.00,6105.00,4069,2036,0.00,0.00,0,0
1632346024,s2-eth1,6158952.00,150590.00,6309542.00,150590,6158952,4068.00,2035.00,6103.00,2035,4068,0.00,0.00,0,0
1632346024,lo,344.00,344.00,688.00,344,344,6.00,6.00,12.00,6,6,0.00,0.00,0,0
1632346024,s4,0.00,0.00,0.00,0,0,0.00,0.00,0.00,0,0,0.00,0.00,0,0
1632346024,s3-eth2,150738.00,6157438.00,6308176.00,6157438,150738,2037.00,4067.00,6104.00,4067,2037,0.00,0.00,0,0
1632346024,s3-eth1,6160466.00,150664.00,6311130.00,150664,6160466,4069.00,2036.00,6105.00,2036,4069,0.00,0.00,0,0
1632346024,total,18929192.00,18929044.00,37858236.00,18929044,18929192,18318.00,18316.00,36634.00,18316,18318,0.00,0.00,0,0
1632346025,s5,0.00,0.00,0.00,0,0,0.00,0.00,0.00,0,0,0.00,0.00,0,0
1632346025,s1,0.00,0.00,0.00,0,0,0.00,0.00,0.00,0,0,0.00,0.00,0,0
1632346025,eth0,0.00,0.00,0.00,0,0,0.00,0.00,0.00,0,0,0.00,0.00,0,0
1632346025,eth1,0.00,0.00,0.00,0,0,0.00,0.00,0.00,0,0,0.00,0.00,0,0
1632346025,s2,0.00,0.00,0.00,0,0,0.00,0.00,0.00,0,0,0.00,0.00,0,0
1632346025,s1-eth2,151108.00,6184690.00,6335798.00,6184690,151108,2042.00,4085.00,6127.00,4085,2042,0.00,0.00,0,0
1632346025,s1-eth1,6186204.00,151108.00,6337312.00,151108,6186204,4086.00,2042.00,6128.00,2042,4086,0.00,0.00,0,0
1632346025,s3,0.00,0.00,0.00,0,0,0.00,0.00,0.00,0,0,0.00,0.00,0,0
1632346025,s2-eth2,150960.00,6187718.00,6338678.00,6187718,150960,2040.00,4087.00,6127.00,4087,2040,0.00,0.00,0,0
1632346025,s2-eth1,6184690.00,151108.00,6335798.00,151108,6184690,4085.00,2042.00,6127.00,2042,4085,0.00,0.00,0,0
1632346025,lo,172.00,172.00,344.00,172,172,3.00,3.00,6.00,3,3,0.00,0.00,0,0
1632346025,s4,0.00,0.00,0.00,0,0,0.00,0.00,0.00,0,0,0.00,0.00,0,0
1632346025,s3-eth2,150960.00,6184690.00,6335650.00,6184690,150960,2040.00,4085.00,6125.00,4085,2040,0.00,0.00,0,0
1632346025,s3-eth1,6189232.00,151034.00,6340266.00,151034,6189232,4088.00,2041.00,6129.00,2041,4088,0.00,0.00,0,0
1632346025,total,19013326.00,19010520.00,38023848.00,19010520,19013326,18384.00,18385.00,36769.00,18385,18384,0.00,0.00,0,0
1632346026,s5,0.00,0.00,0.00,0,0,0.00,0.00,0.00,0,0,0.00,0.00,0,0
1632346026,s1,0.00,107.00,107.00,107,0,0.00,1.00,1.00,1,0,0.00,0.00,0,0
1632346026,eth0,0.00,0.00,0.00,0,0,0.00,0.00,0.00,0,0,0.00,0.00,0,0
1632346026,eth1,0.00,0.00,0.00,0,0,0.00,0.00,0.00,0,0,0.00,0.00,0,0
1632346026,s2,0.00,107.00,107.00,107,0,0.00,1.00,1.00,1,0,0.00,0.00,0,0
1632346026,s1-eth2,152103.00,6222647.00,6374750.00,6222647,152103,2055.00,4111.00,6166.00,4111,2055,0.00,0.00,0,0
1632346026,s1-eth1,6221240.00,151996.00,6373236.00,151996,6221240,4111.00,2054.00,6165.00,2054,4111,0.00,0.00,0,0
1632346026,s3,0.00,214.00,214.00,214,0,0.00,2.00,2.00,2,0,0.00,0.00,0,0
1632346026,s2-eth2,152284.00,6221026.00,6373310.00,6221026,152284,2057.00,4109.00,6166.00,4109,2057,0.00,0.00,0,0
1632346026,s2-eth1,6222647.00,152103.00,6374750.00,152103,6222647,4111.00,2055.00,6166.00,2055,4111,0.00,0.00,0,0
1632346026,lo,1564.00,1564.00,3128.00,1564,1564,18.00,18.00,36.00,18,18,0.00,0.00,0,0
1632346026,s4,0.00,0.00,0.00,0,0,0.00,0.00,0.00,0,0,0.00,0.00,0,0
1632346026,s3-eth2,152317.00,6221026.00,6373343.00,6221026,152317,2057.00,4109.00,6166.00,4109,2057,0.00,0.00,0,0
1632346026,s3-eth1,6219512.00,152210.00,6371722.00,152210,6219512,4108.00,2056.00,6164.00,2056,4108,0.00,0.00,0,0
1632346026,total,19121668.00,19123000.00,38244668.00,19123000,19121667,18517.00,18516.00,37033.00,18516,18517,0.00,0.00,0,0
1632346027,s5,0.00,0.00,0.00,0,0,0.00,0.00,0.00,0,0,0.00,0.00,0,0
1632346027,s1,0.00,107.00,107.00,107,0,0.00,1.00,1.00,1,0,0.00,0.00,0,0
1632346027,eth0,0.00,0.00,0.00,0,0,0.00,0.00,0.00,0,0,0.00,0.00,0,0
1632346027,eth1,0.00,0.00,0.00,0,0,0.00,0.00,0.00,0,0,0.00,0.00,0,0
1632346027,s2,0.00,107.00,107.00,107,0,0.00,1.00,1.00,1,0,0.00,0.00,0,0
1632346027,s1-eth2,151552.00,6199937.00,6351489.00,6199937,151552,2048.00,4096.00,6144.00,4096,2048,0.00,0.00,0,0
1632346027,s1-eth1,6199937.00,151478.00,6351415.00,151478,6199937,4096.00,2047.00,6143.00,2047,4096,0.00,0.00,0,0
1632346027,s3,0.00,342.00,342.00,342,0,0.00,1.00,1.00,1,0,0.00,0.00,0,0
1632346027,s2-eth2,151820.00,6199937.00,6351757.00,6199937,151820,2048.00,4096.00,6144.00,4096,2048,0.00,0.00,0,0
1632346027,s2-eth1,6199937.00,151552.00,6351489.00,151552,6199937,4096.00,2048.00,6144.00,2048,4096,0.00,0.00,0,0
1632346027,lo,936.00,936.00,1872.00,936,936,9.00,9.00,18.00,9,9,0.00,0.00,0,0
1632346027,s4,0.00,0.00,0.00,0,0,0.00,0.00,0.00,0,0,0.00,0.00,0,0
1632346027,s3-eth2,152236.00,6199830.00,6352066.00,6199830,152236,2050.00,4095.00,6145.00,4095,2050,0.00,0.00,0,0
1632346027,s3-eth1,6199937.00,151820.00,6351757.00,151820,6199937,4096.00,2048.00,6144.00,2048,4096,0.00,0.00,0,0
1632346027,total,19056356.00,19056046.00,38112400.00,19056046,19056355,18443.00,18442.00,36885.00,18442,18443,0.00,0.00,0,0
1632346028,s5,0.00,0.00,0.00,0,0,0.00,0.00,0.00,0,0,0.00,0.00,0,0
1632346028,s1,0.00,0.00,0.00,0,0,0.00,0.00,0.00,0,0,0.00,0.00,0,0
1632346028,eth0,0.00,0.00,0.00,0,0,0.00,0.00,0.00,0,0,0.00,0.00,0,0
1632346028,eth1,0.00,0.00,0.00,0,0,0.00,0.00,0.00,0,0,0.00,0.00,0,0
1632346028,s2,0.00,342.00,342.00,342,0,0.00,1.00,1.00,1,0,0.00,0.00,0,0
1632346028,s1-eth2,150784.00,6155924.00,6306708.00,6155924,150784,2034.00,4066.00,6100.00,4066,2034,0.00,0.00,0,0
1632346028,s1-eth1,6157438.00,150516.00,6307954.00,150516,6157438,4067.00,2034.00,6101.00,2034,4067,0.00,0.00,0,0
1632346028,s3,0.00,342.00,342.00,342,0,0.00,1.00,1.00,1,0,0.00,0.00,0,0
1632346028,s2-eth2,150784.00,6155924.00,6306708.00,6155924,150784,2034.00,4066.00,6100.00,4066,2034,0.00,0.00,0,0
1632346028,s2-eth1,6155924.00,150784.00,6306708.00,150784,6155924,4066.00,2034.00,6100.00,2034,4066,0.00,0.00,0,0
1632346028,lo,652.00,652.00,1304.00,652,652,6.00,6.00,12.00,6,6,0.00,0.00,0,0
1632346028,s4,0.00,0.00,0.00,0,0,0.00,0.00,0.00,0,0,0.00,0.00,0,0
1632346028,s3-eth2,150784.00,6160466.00,6311250.00,6160466,150784,2034.00,4069.00,6103.00,4069,2034,0.00,0.00,0,0
1632346028,s3-eth1,6155924.00,150784.00,6306708.00,150784,6155924,4066.00,2034.00,6100.00,2034,4066,0.00,0.00,0,0
1632346028,total,18922290.00,18925734.00,37848024.00,18925734,18922290,18307.00,18311.00,36618.00,18311,18307,0.00,0.00,0,0
1632346029,s5,0.00,0.00,0.00,0,0,0.00,0.00,0.00,0,0,0.00,0.00,0,0
1632346029,s1,0.00,0.00,0.00,0,0,0.00,0.00,0.00,0,0,0.00,0.00,0,0
1632346029,eth0,0.00,0.00,0.00,0,0,0.00,0.00,0.00,0,0,0.00,0.00,0,0
1632346029,eth1,0.00,0.00,0.00,0,0,0.00,0.00,0.00,0,0,0.00,0.00,0,0
1632346029,s2,0.00,0.00,0.00,0,0,0.00,0.00,0.00,0,0,0.00,0.00,0,0
1632346029,s1-eth2,151922.00,6214970.00,6366892.00,6214970,151922,2053.00,4105.00,6158.00,4105,2053,0.00,0.00,0,0
1632346029,s1-eth1,6213456.00,151848.00,6365304.00,151848,6213456,4104.00,2052.00,6156.00,2052,4104,0.00,0.00,0,0
1632346029,s3,0.00,0.00,0.00,0,0,0.00,0.00,0.00,0,0,0.00,0.00,0,0
1632346029,s2-eth2,151922.00,6214970.00,6366892.00,6214970,151922,2053.00,4105.00,6158.00,4105,2053,0.00,0.00,0,0
1632346029,s2-eth1,6214970.00,151922.00,6366892.00,151922,6214970,4105.00,2053.00,6158.00,2053,4105,0.00,0.00,0,0
1632346029,lo,344.00,344.00,688.00,344,344,6.00,6.00,12.00,6,6,0.00,0.00,0,0
1632346029,s4,0.00,0.00,0.00,0,0,0.00,0.00,0.00,0,0,0.00,0.00,0,0
1632346029,s3-eth2,151848.00,6213456.00,6365304.00,6213456,151848,2052.00,4104.00,6156.00,4104,2052,0.00,0.00,0,0
1632346029,s3-eth1,6214970.00,151922.00,6366892.00,151922,6214970,4105.00,2053.00,6158.00,2053,4105,0.00,0.00,0,0
1632346029,total,19099432.00,19099432.00,38198864.00,19099432,19099432,18478.00,18478.00,36956.00,18478,18478,0.00,0.00,0,0
1632346030,s5,0.00,0.00,0.00,0,0,0.00,0.00,0.00,0,0,0.00,0.00,0,0
1632346030,s1,0.00,0.00,0.00,0,0,0.00,0.00,0.00,0,0,0.00,0.00,0,0
1632346030,eth0,0.00,0.00,0.00,0,0,0.00,0.00,0.00,0,0,0.00,0.00,0,0
1632346030,eth1,0.00,0.00,0.00,0,0,0.00,0.00,0.00,0,0,0.00,0.00,0,0
1632346030,s2,0.00,0.00,0.00,0,0,0.00,0.00,0.00,0,0,0.00,0.00,0,0
1632346030,s1-eth2,150664.00,6175606.00,6326270.00,6175606,150664,2036.00,4079.00,6115.00,4079,2036,0.00,0.00,0,0
1632346030,s1-eth1,6168036.00,150738.00,6318774.00,150738,6168036,4074.00,2037.00,6111.00,2037,4074,0.00,0.00,0,0
1632346030,s3,0.00,0.00,0.00,0,0,0.00,0.00,0.00,0,0,0.00,0.00,0,0
1632346030,s2-eth2,150738.00,6169550.00,6320288.00,6169550,150738,2037.00,4075.00,6112.00,4075,2037,0.00,0.00,0,0
1632346030,s2-eth1,6175606.00,150664.00,6326270.00,150664,6175606,4079.00,2036.00,6115.00,2036,4079,0.00,0.00,0,0
1632346030,lo,0.00,0.00,0.00,0,0,0.00,0.00,0.00,0,0,0.00,0.00,0,0
1632346030,s4,0.00,0.00,0.00,0,0,0.00,0.00,0.00,0,0,0.00,0.00,0,0
1632346030,s3-eth2,150738.00,6169550.00,6320288.00,6169550,150738,2037.00,4075.00,6112.00,4075,2037,0.00,0.00,0,0
1632346030,s3-eth1,6169550.00,150738.00,6320288.00,150738,6169550,4075.00,2037.00,6112.00,2037,4075,0.00,0.00,0,0
1632346030,total,18965332.00,18966846.00,37932176.00,18966846,18965332,18338.00,18339.00,36677.00,18339,18338,0.00,0.00,0,0
1632346031,s5,0.00,0.00,0.00,0,0,0.00,0.00,0.00,0,0,0.00,0.00,0,0
1632346031,s1,0.00,0.00,0.00,0,0,0.00,0.00,0.00,0,0,0.00,0.00,0,0
1632346031,eth0,0.00,0.00,0.00,0,0,0.00,0.00,0.00,0,0,0.00,0.00,0,0
1632346031,eth1,0.00,0.00,0.00,0,0,0.00,0.00,0.00,0,0,0.00,0.00,0,0
1632346031,s2,0.00,0.00,0.00,0,0,0.00,0.00,0.00,0,0,0.00,0.00,0,0
1632346031,s1-eth2,151552.00,6196802.00,6348354.00,6196802,151552,2048.00,4093.00,6141.00,4093,2048,0.00,0.00,0,0
1632346031,s1-eth1,6197144.00,151478.00,6348622.00,151478,6197144,4094.00,2047.00,6141.00,2047,4094,0.00,0.00,0,0
1632346031,s3,0.00,0.00,0.00,0,0,0.00,0.00,0.00,0,0,0.00,0.00,0,0
1632346031,s2-eth2,151478.00,6195288.00,6346766.00,6195288,151478,2047.00,4092.00,6139.00,4092,2047,0.00,0.00,0,0
1632346031,s2-eth1,6196802.00,151552.00,6348354.00,151552,6196802,4093.00,2048.00,6141.00,2048,4093,0.00,0.00,0,0
1632346031,lo,172.00,172.00,344.00,172,172,3.00,3.00,6.00,3,3,0.00,0.00,0,0
1632346031,s4,0.00,0.00,0.00,0,0,0.00,0.00,0.00,0,0,0.00,0.00,0,0
1632346031,s3-eth2,151478.00,6195288.00,6346766.00,6195288,151478,2047.00,4092.00,6139.00,4092,2047,0.00,0.00,0,0
1632346031,s3-eth1,6195288.00,151478.00,6346766.00,151478,6195288,4092.00,2047.00,6139.00,2047,4092,0.00,0.00,0,0
1632346031,total,19043914.00,19042058.00,38085972.00,19042058,19043914,18424.00,18422.00,36846.00,18422,18424,0.00,0.00,0,0
1632346032,s5,0.00,0.00,0.00,0,0,0.00,0.00,0.00,0,0,0.00,0.00,0,0
1632346032,s1,0.00,0.00,0.00,0,0,0.00,0.00,0.00,0,0,0.00,0.00,0,0
1632346032,eth0,0.00,0.00,0.00,0,0,0.00,0.00,0.00,0,0,0.00,0.00,0,0
1632346032,eth1,0.00,0.00,0.00,0,0,0.00,0.00,0.00,0,0,0.00,0.00,0,0
1632346032,s2,0.00,0.00,0.00,0,0,0.00,0.00,0.00,0,0,0.00,0.00,0,0
1632346032,s1-eth2,150664.00,6169550.00,6320214.00,6169550,150664,2036.00,4075.00,6111.00,4075,2036,0.00,0.00,0,0
1632346032,s1-eth1,6168036.00,150738.00,6318774.00,150738,6168036,4074.00,2037.00,6111.00,2037,4074,0.00,0.00,0,0
1632346032,s3,0.00,0.00,0.00,0,0,0.00,0.00,0.00,0,0,0.00,0.00,0,0
1632346032,s2-eth2,150738.00,6169550.00,6320288.00,6169550,150738,2037.00,4075.00,6112.00,4075,2037,0.00,0.00,0,0
1632346032,s2-eth1,6169550.00,150664.00,6320214.00,150664,6169550,4075.00,2036.00,6111.00,2036,4075,0.00,0.00,0,0
1632346032,lo,344.00,344.00,688.00,344,344,6.00,6.00,12.00,6,6,0.00,0.00,0,0
1632346032,s4,0.00,0.00,0.00,0,0,0.00,0.00,0.00,0,0,0.00,0.00,0,0
1632346032,s3-eth2,150738.00,6171064.00,6321802.00,6171064,150738,2037.00,4076.00,6113.00,4076,2037,0.00,0.00,0,0
1632346032,s3-eth1,6169550.00,150738.00,6320288.00,150738,6169550,4075.00,2037.00,6112.00,2037,4075,0.00,0.00,0,0
1632346032,total,18959620.00,18962648.00,37922268.00,18962648,18959620,18340.00,18342.00,36682.00,18342,18340,0.00,0.00,0,0
1632346033,s5,0.00,0.00,0.00,0,0,0.00,0.00,0.00,0,0,0.00,0.00,0,0
1632346033,s1,0.00,0.00,0.00,0,0,0.00,0.00,0.00,0,0,0.00,0.00,0,0
1632346033,eth0,0.00,0.00,0.00,0,0,0.00,0.00,0.00,0,0,0.00,0.00,0,0
1632346033,eth1,0.00,0.00,0.00,0,0,0.00,0.00,0.00,0,0,0.00,0.00,0,0
1632346033,s2,0.00,0.00,0.00,0,0,0.00,0.00,0.00,0,0,0.00,0.00,0,0
1632346033,s1-eth2,151372.00,6186246.00,6337618.00,6186246,151372,2046.00,4087.00,6133.00,4087,2046,0.00,0.00,0,0
1632346033,s1-eth1,6187760.00,151224.00,6338984.00,151224,6187760,4088.00,2044.00,6132.00,2044,4088,0.00,0.00,0,0
1632346033,s3,0.00,0.00,0.00,0,0,0.00,0.00,0.00,0,0,0.00,0.00,0,0
1632346033,s2-eth2,151446.00,6187760.00,6339206.00,6187760,151446,2047.00,4088.00,6135.00,4088,2047,0.00,0.00,0,0
1632346033,s2-eth1,6186246.00,151372.00,6337618.00,151372,6186246,4087.00,2046.00,6133.00,2046,4087,0.00,0.00,0,0
1632346033,lo,888.00,888.00,1776.00,888,888,9.00,9.00,18.00,9,9,0.00,0.00,0,0
1632346033,s4,0.00,0.00,0.00,0,0,0.00,0.00,0.00,0,0,0.00,0.00,0,0
1632346033,s3-eth2,151446.00,6187760.00,6339206.00,6187760,151446,2047.00,4088.00,6135.00,4088,2047,0.00,0.00,0,0
1632346033,s3-eth1,6187760.00,151446.00,6339206.00,151446,6187760,4088.00,2047.00,6135.00,2047,4088,0.00,0.00,0,0
1632346033,total,19016918.00,19016696.00,38033616.00,19016696,19016918,18412.00,18409.00,36821.00,18409,18412,0.00,0.00,0,0
1632346034,s5,0.00,0.00,0.00,0,0,0.00,0.00,0.00,0,0,0.00,0.00,0,0
1632346034,s1,0.00,342.00,342.00,342,0,0.00,1.00,1.00,1,0,0.00,0.00,0,0
1632346034,eth0,0.00,0.00,0.00,0,0,0.00,0.00,0.00,0,0,0.00,0.00,0,0
1632346034,eth1,0.00,0.00,0.00,0,0,0.00,0.00,0.00,0,0,0.00,0.00,0,0
1632346034,s2,0.00,342.00,342.00,342,0,0.00,1.00,1.00,1,0,0.00,0.00,0,0
1632346034,s1-eth2,149924.00,6139612.00,6289536.00,6139612,149924,2026.00,4056.00,6082.00,4056,2026,0.00,0.00,0,0
1632346034,s1-eth1,6141126.00,150072.00,6291198.00,150072,6141126,4057.00,2028.00,6085.00,2028,4057,0.00,0.00,0,0
1632346034,s3,0.00,0.00,0.00,0,0,0.00,0.00,0.00,0,0,0.00,0.00,0,0
1632346034,s2-eth2,149850.00,6139612.00,6289462.00,6139612,149850,2025.00,4056.00,6081.00,4056,2025,0.00,0.00,0,0
1632346034,s2-eth1,6139612.00,149924.00,6289536.00,149924,6139612,4056.00,2026.00,6082.00,2026,4056,0.00,0.00,0,0
1632346034,lo,996.00,996.00,1992.00,996,996,12.00,12.00,24.00,12,12,0.00,0.00,0,0
1632346034,s4,0.00,0.00,0.00,0,0,0.00,0.00,0.00,0,0,0.00,0.00,0,0
1632346034,s3-eth2,150072.00,6139270.00,6289342.00,6139270,150072,2028.00,4055.00,6083.00,4055,2028,0.00,0.00,0,0
1632346034,s3-eth1,6139612.00,149850.00,6289462.00,149850,6139612,4056.00,2025.00,6081.00,2025,4056,0.00,0.00,0,0
1632346034,total,18871192.00,18870020.00,37741212.00,18870020,18871192,18260.00,18260.00,36520.00,18260,18260,0.00,0.00,0,0
1632346035,s5,0.00,0.00,0.00,0,0,0.00,0.00,0.00,0,0,0.00,0.00,0,0
1632346035,s1,0.00,0.00,0.00,0,0,0.00,0.00,0.00,0,0,0.00,0.00,0,0
1632346035,eth0,0.00,0.00,0.00,0,0,0.00,0.00,0.00,0,0,0.00,0.00,0,0
1632346035,eth1,0.00,0.00,0.00,0,0,0.00,0.00,0.00,0,0,0.00,0.00,0,0
1632346035,s2,0.00,0.00,0.00,0,0,0.00,0.00,0.00,0,0,0.00,0.00,0,0
1632346035,s1-eth2,150960.00,6177120.00,6328080.00,6177120,150960,2040.00,4080.00,6120.00,4080,2040,0.00,0.00,0,0
1632346035,s1-eth1,6175606.00,150960.00,6326566.00,150960,6175606,4079.00,2040.00,6119.00,2040,4079,0.00,0.00,0,0
1632346035,s3,0.00,0.00,0.00,0,0,0.00,0.00,0.00,0,0,0.00,0.00,0,0
1632346035,s2-eth2,150886.00,6177120.00,6328006.00,6177120,150886,2039.00,4080.00,6119.00,4080,2039,0.00,0.00,0,0
1632346035,s2-eth1,6177120.00,150960.00,6328080.00,150960,6177120,4080.00,2040.00,6120.00,2040,4080,0.00,0.00,0,0
1632346035,lo,0.00,0.00,0.00,0,0,0.00,0.00,0.00,0,0,0.00,0.00,0,0
1632346035,s4,0.00,0.00,0.00,0,0,0.00,0.00,0.00,0,0,0.00,0.00,0,0
1632346035,s3-eth2,150664.00,6175606.00,6326270.00,6175606,150664,2036.00,4079.00,6115.00,4079,2036,0.00,0.00,0,0
1632346035,s3-eth1,6177120.00,150886.00,6328006.00,150886,6177120,4080.00,2039.00,6119.00,2039,4080,0.00,0.00,0,0
1632346035,total,18982356.00,18982652.00,37965008.00,18982652,18982356,18354.00,18358.00,36712.00,18358,18354,0.00,0.00,0,0
1632346036,s5,0.00,0.00,0.00,0,0,0.00,0.00,0.00,0,0,0.00,0.00,0,0
1632346036,s1,0.00,0.00,0.00,0,0,0.00,0.00,0.00,0,0,0.00,0.00,0,0
1632346036,eth0,0.00,0.00,0.00,0,0,0.00,0.00,0.00,0,0,0.00,0.00,0,0
1632346036,eth1,0.00,0.00,0.00,0,0,0.00,0.00,0.00,0,0,0.00,0.00,0,0
1632346036,s2,0.00,0.00,0.00,0,0,0.00,0.00,0.00,0,0,0.00,0.00,0,0
1632346036,s1-eth2,151478.00,6196802.00,6348280.00,6196802,151478,2047.00,4093.00,6140.00,4093,2047,0.00,0.00,0,0
1632346036,s1-eth1,6196802.00,151404.00,6348206.00,151404,6196802,4093.00,2046.00,6139.00,2046,4093,0.00,0.00,0,0
1632346036,s3,0.00,0.00,0.00,0,0,0.00,0.00,0.00,0,0,0.00,0.00,0,0
1632346036,s2-eth2,151478.00,6196802.00,6348280.00,6196802,151478,2047.00,4093.00,6140.00,4093,2047,0.00,0.00,0,0
1632346036,s2-eth1,6196802.00,151478.00,6348280.00,151478,6196802,4093.00,2047.00,6140.00,2047,4093,0.00,0.00,0,0
1632346036,lo,0.00,0.00,0.00,0,0,0.00,0.00,0.00,0,0,0.00,0.00,0,0
1632346036,s4,0.00,0.00,0.00,0,0,0.00,0.00,0.00,0,0,0.00,0.00,0,0
1632346036,s3-eth2,151820.00,6196802.00,6348622.00,6196802,151820,2048.00,4093.00,6141.00,4093,2048,0.00,0.00,0,0
1632346036,s3-eth1,6196802.00,151478.00,6348280.00,151478,6196802,4093.00,2047.00,6140.00,2047,4093,0.00,0.00,0,0
1632346036,total,19045182.00,19044766.00,38089948.00,19044766,19045182,18421.00,18419.00,36840.00,18419,18421,0.00,0.00,0,0
1632346037,s5,0.00,0.00,0.00,0,0,0.00,0.00,0.00,0,0,0.00,0.00,0,0
1632346037,s1,0.00,342.00,342.00,342,0,0.00,1.00,1.00,1,0,0.00,0.00,0,0
1632346037,eth0,0.00,0.00,0.00,0,0,0.00,0.00,0.00,0,0,0.00,0.00,0,0
1632346037,eth1,0.00,0.00,0.00,0,0,0.00,0.00,0.00,0,0,0.00,0.00,0,0
1632346037,s2,0.00,0.00,0.00,0,0,0.00,0.00,0.00,0,0,0.00,0.00,0,0
1632346037,s1-eth2,151404.00,6191088.00,6342492.00,6191088,151404,2046.00,4090.00,6136.00,4090,2046,0.00,0.00,0,0
1632346037,s1-eth1,6192602.00,151330.00,6343932.00,151330,6192602,4091.00,2045.00,6136.00,2045,4091,0.00,0.00,0,0
1632346037,s3,0.00,0.00,0.00,0,0,0.00,0.00,0.00,0,0,0.00,0.00,0,0
1632346037,s2-eth2,151478.00,6190746.00,6342224.00,6190746,151478,2047.00,4089.00,6136.00,4089,2047,0.00,0.00,0,0
1632346037,s2-eth1,6191088.00,151404.00,6342492.00,151404,6191088,4090.00,2046.00,6136.00,2046,4090,0.00,0.00,0,0
1632346037,lo,326.00,326.00,652.00,326,326,3.00,3.00,6.00,3,3,0.00,0.00,0,0
1632346037,s4,0.00,0.00,0.00,0,0,0.00,0.00,0.00,0,0,0.00,0.00,0,0
1632346037,s3-eth2,151552.00,6190746.00,6342298.00,6190746,151552,2048.00,4089.00,6137.00,4089,2048,0.00,0.00,0,0
1632346037,s3-eth1,6190746.00,151478.00,6342224.00,151478,6190746,4089.00,2047.00,6136.00,2047,4089,0.00,0.00,0,0
1632346037,total,19029196.00,19027460.00,38056656.00,19027460,19029196,18414.00,18410.00,36824.00,18410,18414,0.00,0.00,0,0
1632346038,s5,0.00,0.00,0.00,0,0,0.00,0.00,0.00,0,0,0.00,0.00,0,0
1632346038,s1,0.00,0.00,0.00,0,0,0.00,0.00,0.00,0,0,0.00,0.00,0,0
1632346038,eth0,0.00,0.00,0.00,0,0,0.00,0.00,0.00,0,0,0.00,0.00,0,0
1632346038,eth1,0.00,0.00,0.00,0,0,0.00,0.00,0.00,0,0,0.00,0.00,0,0
1632346038,s2,0.00,0.00,0.00,0,0,0.00,0.00,0.00,0,0,0.00,0.00,0,0
1632346038,s1-eth2,151182.00,6189232.00,6340414.00,6189232,151182,2043.00,4088.00,6131.00,4088,2043,0.00,0.00,0,0
1632346038,s1-eth1,6190746.00,151330.00,6342076.00,151330,6190746,4089.00,2045.00,6134.00,2045,4089,0.00,0.00,0,0
1632346038,s3,0.00,0.00,0.00,0,0,0.00,0.00,0.00,0,0,0.00,0.00,0,0
1632346038,s2-eth2,151108.00,6190746.00,6341854.00,6190746,151108,2042.00,4089.00,6131.00,4089,2042,0.00,0.00,0,0
1632346038,s2-eth1,6189232.00,151182.00,6340414.00,151182,6189232,4088.00,2043.00,6131.00,2043,4088,0.00,0.00,0,0
1632346038,lo,172.00,172.00,344.00,172,172,3.00,3.00,6.00,3,3,0.00,0.00,0,0
1632346038,s4,0.00,0.00,0.00,0,0,0.00,0.00,0.00,0,0,0.00,0.00,0,0
1632346038,s3-eth2,151108.00,6190746.00,6341854.00,6190746,151108,2042.00,4089.00,6131.00,4089,2042,0.00,0.00,0,0
1632346038,s3-eth1,6190746.00,151108.00,6341854.00,151108,6190746,4089.00,2042.00,6131.00,2042,4089,0.00,0.00,0,0
1632346038,total,19024294.00,19024516.00,38048808.00,19024516,19024294,18396.00,18399.00,36795.00,18399,18396,0.00,0.00,0,0
1632346039,s5,0.00,0.00,0.00,0,0,0.00,0.00,0.00,0,0,0.00,0.00,0,0
1632346039,s1,0.00,0.00,0.00,0,0,0.00,0.00,0.00,0,0,0.00,0.00,0,0
1632346039,eth0,0.00,0.00,0.00,0,0,0.00,0.00,0.00,0,0,0.00,0.00,0,0
1632346039,eth1,0.00,0.00,0.00,0,0,0.00,0.00,0.00,0,0,0.00,0.00,0,0
1632346039,s2,0.00,342.00,342.00,342,0,0.00,1.00,1.00,1,0,0.00,0.00,0,0
1632346039,s1-eth2,146270.00,5965160.00,6111430.00,5965160,146270,1973.00,3940.00,5913.00,3940,1973,0.00,0.00,0,0
1632346039,s1-eth1,5971216.00,145854.00,6117070.00,145854,5971216,3944.00,1971.00,5915.00,1971,3944,0.00,0.00,0,0
1632346039,s3,0.00,342.00,342.00,342,0,0.00,1.00,1.00,1,0,0.00,0.00,0,0
1632346039,s2-eth2,146270.00,5965160.00,6111430.00,5965160,146270,1973.00,3940.00,5913.00,3940,1973,0.00,0.00,0,0
1632346039,s2-eth1,5965160.00,146270.00,6111430.00,146270,5965160,3940.00,1973.00,5913.00,1973,3940,0.00,0.00,0,0
1632346039,lo,996.00,996.00,1992.00,996,996,12.00,12.00,24.00,12,12,0.00,0.00,0,0
1632346039,s4,0.00,0.00,0.00,0,0,0.00,0.00,0.00,0,0,0.00,0.00,0,0
1632346039,s3-eth2,146196.00,5965160.00,6111356.00,5965160,146196,1972.00,3940.00,5912.00,3940,1972,0.00,0.00,0,0
1632346039,s3-eth1,5965160.00,146270.00,6111430.00,146270,5965160,3940.00,1973.00,5913.00,1973,3940,0.00,0.00,0,0
1632346039,total,18341268.00,18335554.00,36676824.00,18335554,18341268,17754.00,17751.00,35505.00,17751,17754,0.00,0.00,0,0
1632346040,s5,0.00,0.00,0.00,0,0,0.00,0.00,0.00,0,0,0.00,0.00,0,0
1632346040,s1,0.00,0.00,0.00,0,0,0.00,0.00,0.00,0,0,0.00,0.00,0,0
1632346040,eth0,0.00,0.00,0.00,0,0,0.00,0.00,0.00,0,0,0.00,0.00,0,0
1632346040,eth1,0.00,0.00,0.00,0,0,0.00,0.00,0.00,0,0,0.00,0.00,0,0
1632346040,s2,0.00,0.00,0.00,0,0,0.00,0.00,0.00,0,0,0.00,0.00,0,0
1632346040,s1-eth2,151848.00,6217998.00,6369846.00,6217998,151848,2052.00,4107.00,6159.00,4107,2052,0.00,0.00,0,0
1632346040,s1-eth1,6214970.00,151922.00,6366892.00,151922,6214970,4105.00,2053.00,6158.00,2053,4105,0.00,0.00,0,0
1632346040,s3,0.00,0.00,0.00,0,0,0.00,0.00,0.00,0,0,0.00,0.00,0,0
1632346040,s2-eth2,151848.00,6217998.00,6369846.00,6217998,151848,2052.00,4107.00,6159.00,4107,2052,0.00,0.00,0,0
1632346040,s2-eth1,6217998.00,151848.00,6369846.00,151848,6217998,4107.00,2052.00,6159.00,2052,4107,0.00,0.00,0,0
1632346040,lo,0.00,0.00,0.00,0,0,0.00,0.00,0.00,0,0,0.00,0.00,0,0
1632346040,s4,0.00,0.00,0.00,0,0,0.00,0.00,0.00,0,0,0.00,0.00,0,0
1632346040,s3-eth2,151922.00,6219512.00,6371434.00,6219512,151922,2053.00,4108.00,6161.00,4108,2053,0.00,0.00,0,0
1632346040,s3-eth1,6217998.00,151848.00,6369846.00,151848,6217998,4107.00,2052.00,6159.00,2052,4107,0.00,0.00,0,0
1632346040,total,19106584.00,19111126.00,38217712.00,19111126,19106584,18476.00,18479.00,36955.00,18479,18476,0.00,0.00,0,0
1632346041,s5,0.00,0.00,0.00,0,0,0.00,0.00,0.00,0,0,0.00,0.00,0,0
1632346041,s1,0.00,0.00,0.00,0,0,0.00,0.00,0.00,0,0,0.00,0.00,0,0
1632346041,eth0,0.00,0.00,0.00,0,0,0.00,0.00,0.00,0,0,0.00,0.00,0,0
1632346041,eth1,0.00,0.00,0.00,0,0,0.00,0.00,0.00,0,0,0.00,0.00,0,0
1632346041,s2,0.00,0.00,0.00,0,0,0.00,0.00,0.00,0,0,0.00,0.00,0,0
1632346041,s1-eth2,145558.00,5956076.00,6101634.00,5956076,145558,1967.00,3934.00,5901.00,3934,1967,0.00,0.00,0,0
1632346041,s1-eth1,5954562.00,145558.00,6100120.00,145558,5954562,3933.00,1967.00,5900.00,1967,3933,0.00,0.00,0,0
1632346041,s3,0.00,0.00,0.00,0,0,0.00,0.00,0.00,0,0,0.00,0.00,0,0
1632346041,s2-eth2,145632.00,5959104.00,6104736.00,5959104,145632,1968.00,3936.00,5904.00,3936,1968,0.00,0.00,0,0
1632346041,s2-eth1,5957590.00,145632.00,6103222.00,145632,5957590,3935.00,1968.00,5903.00,1968,3935,0.00,0.00,0,0
1632346041,lo,0.00,0.00,0.00,0,0,0.00,0.00,0.00,0,0,0.00,0.00,0,0
1632346041,s4,0.00,0.00,0.00,0,0,0.00,0.00,0.00,0,0,0.00,0.00,0,0
1632346041,s3-eth2,145558.00,5984842.00,6130400.00,5984842,145558,1967.00,3953.00,5920.00,3953,1967,0.00,0.00,0,0
1632346041,s3-eth1,5959104.00,145632.00,6104736.00,145632,5959104,3936.00,1968.00,5904.00,1968,3936,0.00,0.00,0,0
1632346041,total,18308004.00,18336844.00,36644848.00,18336844,18308004,17706.00,17726.00,35432.00,17726,17706,0.00,0.00,0,0
1632346042,s5,0.00,0.00,0.00,0,0,0.00,0.00,0.00,0,0,0.00,0.00,0,0
1632346042,s1,0.00,982.00,982.00,982,0,0.00,5.00,5.00,5,0,0.00,0.00,0,0
1632346042,eth0,1444.00,2255.00,3699.00,2255,1444,19.00,19.00,38.00,19,19,0.00,0.00,0,0
1632346042,eth1,0.00,0.00,0.00,0,0,0.00,0.00,0.00,0,0,0.00,0.00,0,0
1632346042,s2,0.00,982.00,982.00,982,0,0.00,5.00,5.00,5,0,0.00,0.00,0,0
1632346042,s1-eth2,130840.00,5318150.00,5448990.00,5318150,130840,1764.00,3517.00,5281.00,3517,1764,0.00,0.00,0,0
1632346042,s1-eth1,5326172.00,130092.00,5456264.00,130092,5326172,3524.00,1758.00,5282.00,1758,3524,0.00,0.00,0,0
1632346042,s3,0.00,1014.00,1014.00,1014,0,0.00,5.00,5.00,5,0,0.00,0.00,0,0
1632346042,s2-eth2,131920.00,5302558.00,5434478.00,5302558,131920,1774.00,3505.00,5279.00,3505,1774,0.00,0.00,0,0
1632346042,s2-eth1,5316636.00,130766.00,5447402.00,130766,5316636,3516.00,1763.00,5279.00,1763,3516,0.00,0.00,0,0
1632346042,lo,7119.00,7119.00,14238.00,7119,7119,74.00,74.00,148.00,74,74,0.00,0.00,0,0
1632346042,s4,0.00,0.00,0.00,0,0,0.00,0.00,0.00,0,0,0.00,0.00,0,0
1632346042,s3-eth2,132742.00,5252066.00,5384808.00,5252066,132742,1781.00,3469.00,5250.00,3469,1781,0.00,0.00,0,0
1632346042,s3-eth1,5302558.00,131920.00,5434478.00,131920,5302558,3505.00,1774.00,5279.00,1774,3505,0.00,0.00,0,0
1632346042,total,16349431.00,16277904.00,32627336.00,16277904,16349431,15957.00,15894.00,31851.00,15894,15957,0.00,0.00,0,0
1632346043,s5,0.00,0.00,0.00,0,0,0.00,0.00,0.00,0,0,0.00,0.00,0,0
1632346043,s1,0.00,655.00,655.00,655,0,0.00,7.00,7.00,7,0,0.00,0.00,0,0
1632346043,eth0,304.00,490.00,794.00,490,304,4.00,4.00,8.00,4,4,0.00,0.00,0,0
1632346043,eth1,0.00,0.00,0.00,0,0,0.00,0.00,0.00,0,0,0.00,0.00,0,0
1632346043,s2,0.00,655.00,655.00,655,0,0.00,7.00,7.00,7,0,0.00,0.00,0,0
1632346043,s1-eth2,141602.00,5784135.00,5925737.00,5784135,141602,1913.00,3827.00,5740.00,3827,1913,0.00,0.00,0,0
1632346043,s1-eth1,5787244.00,141562.00,5928806.00,141562,5787244,3830.00,1913.00,5743.00,1913,3830,0.00,0.00,0,0
1632346043,s3,0.00,266.00,266.00,266,0,0.00,3.00,3.00,3,0,0.00,0.00,0,0
1632346043,s2-eth2,141162.00,5791517.00,5932679.00,5791517,141162,1907.00,3830.00,5737.00,3830,1907,0.00,0.00,0,0
1632346043,s2-eth1,5784135.00,141602.00,5925737.00,141602,5784135,3827.00,1913.00,5740.00,1913,3827,0.00,0.00,0,0
1632346043,lo,5572.00,5572.00,11144.00,5572,5572,58.00,58.00,116.00,58,58,0.00,0.00,0,0
1632346043,s4,0.00,0.00,0.00,0,0,0.00,0.00,0.00,0,0,0.00,0.00,0,0
1632346043,s3-eth2,141054.00,5789536.00,5930590.00,5789536,141054,1905.00,3824.00,5729.00,3824,1905,0.00,0.00,0,0
1632346043,s3-eth1,5791517.00,141162.00,5932679.00,141162,5791517,3830.00,1907.00,5737.00,1907,3830,0.00,0.00,0,0
1632346043,total,17792590.00,17797152.00,35589744.00,17797152,17792590,17274.00,17293.00,34567.00,17293,17274,0.00,0.00,0,0
1632346044,s5,0.00,0.00,0.00,0,0,0.00,0.00,0.00,0,0,0.00,0.00,0,0
1632346044,s1,0.00,3087.00,3087.00,3087,0,0.00,15.00,15.00,15,0,0.00,0.00,0,0
1632346044,eth0,760.00,1225.00,1985.00,1225,760,10.00,10.00,20.00,10,10,0.00,0.00,0,0
1632346044,eth1,0.00,0.00,0.00,0,0,0.00,0.00,0.00,0,0,0.00,0.00,0,0
1632346044,s2,0.00,3522.00,3522.00,3522,0,0.00,17.00,17.00,17,0,0.00,0.00,0,0
1632346044,s1-eth2,148140.00,6015181.00,6163321.00,6015181,148140,1992.00,3986.00,5978.00,3986,1992,0.00,0.00,0,0
1632346044,s1-eth1,6018816.00,146890.00,6165706.00,146890,6018816,3998.00,1985.00,5983.00,1985,3998,0.00,0.00,0,0
1632346044,s3,0.00,3013.00,3013.00,3013,0,0.00,17.00,17.00,17,0,0.00,0.00,0,0
1632346044,s2-eth2,149903.00,6015806.00,6165709.00,6015806,149903,2002.00,3981.00,5983.00,3981,2002,0.00,0.00,0,0
1632346044,s2-eth1,6015181.00,148140.00,6163321.00,148140,6015181,3986.00,1992.00,5978.00,1992,3986,0.00,0.00,0,0
1632346044,lo,16791.00,16791.00,33582.00,16791,16791,166.00,166.00,332.00,166,166,0.00,0.00,0,0
1632346044,s4,0.00,0.00,0.00,0,0,0.00,0.00,0.00,0,0,0.00,0.00,0,0
1632346044,s3-eth2,151935.00,6019664.00,6171599.00,6019664,151935,2012.00,3976.00,5988.00,3976,2012,0.00,0.00,0,0
1632346044,s3-eth1,6015806.00,149903.00,6165709.00,149903,6015806,3981.00,2002.00,5983.00,2002,3981,0.00,0.00,0,0
1632346044,total,18517332.00,18523222.00,37040552.00,18523222,18517332,18147.00,18147.00,36294.00,18147,18147,0.00,0.00,0,0
1632346045,s5,0.00,0.00,0.00,0,0,0.00,0.00,0.00,0,0,0.00,0.00,0,0
1632346045,s1,0.00,2367.00,2367.00,2367,0,0.00,10.00,10.00,10,0,0.00,0.00,0,0
1632346045,eth0,152.00,245.00,397.00,245,152,2.00,2.00,4.00,2,2,0.00,0.00,0,0
1632346045,eth1,0.00,0.00,0.00,0,0,0.00,0.00,0.00,0,0,0.00,0.00,0,0
1632346045,s2,0.00,1932.00,1932.00,1932,0,0.00,8.00,8.00,8,0,0.00,0.00,0,0
1632346045,s1-eth2,150380.00,6099245.00,6249625.00,6099245,150380,2019.00,4037.00,6056.00,4037,2019,0.00,0.00,0,0
1632346045,s1-eth1,6095431.00,149036.00,6244467.00,149036,6095431,4038.00,2014.00,6052.00,2014,4038,0.00,0.00,0,0
1632346045,s3,0.00,2471.00,2471.00,2471,0,0.00,11.00,11.00,11,0,0.00,0.00,0,0
1632346045,s2-eth2,151285.00,6097392.00,6248677.00,6097392,151285,2022.00,4029.00,6051.00,4029,2022,0.00,0.00,0,0
1632346045,s2-eth1,6099245.00,150380.00,6249625.00,150380,6099245,4037.00,2019.00,6056.00,2019,4037,0.00,0.00,0,0
1632346045,lo,9477.00,9477.00,18954.00,9477,9477,89.00,89.00,178.00,89,89,0.00,0.00,0,0
1632346045,s4,0.00,0.00,0.00,0,0,0.00,0.00,0.00,0,0,0.00,0.00,0,0
1632346045,s3-eth2,151995.00,6098392.00,6250387.00,6098392,151995,2026.00,4028.00,6054.00,4028,2026,0.00,0.00,0,0
1632346045,s3-eth1,6097392.00,151285.00,6248677.00,151285,6097392,4029.00,2022.00,6051.00,2022,4029,0.00,0.00,0,0
1632346045,total,18755356.00,18762222.00,37517580.00,18762222,18755357,18262.00,18269.00,36531.00,18269,18262,0.00,0.00,0,0
1632346046,s5,0.00,0.00,0.00,0,0,0.00,0.00,0.00,0,0,0.00,0.00,0,0
1632346046,s1,0.00,434.00,434.00,434,0,0.00,2.00,2.00,2,0,0.00,0.00,0,0
1632346046,eth0,0.00,0.00,0.00,0,0,0.00,0.00,0.00,0,0,0.00,0.00,0,0
1632346046,eth1,0.00,0.00,0.00,0,0,0.00,0.00,0.00,0,0,0.00,0.00,0,0
1632346046,s2,0.00,434.00,434.00,434,0,0.00,2.00,2.00,2,0,0.00,0.00,0,0
1632346046,s1-eth2,150695.00,6159386.00,6310081.00,6159386,150695,2033.00,4070.00,6103.00,4070,2033,0.00,0.00,0,0
1632346046,s1-eth1,6156578.00,150220.00,6306798.00,150220,6156578,4068.00,2030.00,6098.00,2030,4068,0.00,0.00,0,0
1632346046,s3,0.00,654.00,654.00,654,0,0.00,2.00,2.00,2,0,0.00,0.00,0,0
1632346046,s2-eth2,151022.00,6156031.00,6307053.00,6156031,151022,2034.00,4067.00,6101.00,4067,2034,0.00,0.00,0,0
1632346046,s2-eth1,6159386.00,150695.00,6310081.00,150695,6159386,4070.00,2033.00,6103.00,2033,4070,0.00,0.00,0,0
1632346046,lo,1914.00,1914.00,3828.00,1914,1914,18.00,18.00,36.00,18,18,0.00,0.00,0,0
1632346046,s4,0.00,0.00,0.00,0,0,0.00,0.00,0.00,0,0,0.00,0.00,0,0
1632346046,s3-eth2,151349.00,6160466.00,6311815.00,6160466,151349,2035.00,4069.00,6104.00,4069,2035,0.00,0.00,0,0
1632346046,s3-eth1,6156031.00,151022.00,6307053.00,151022,6156031,4067.00,2034.00,6101.00,2034,4067,0.00,0.00,0,0
1632346046,total,18926976.00,18931256.00,37858232.00,18931256,18926975,18325.00,18327.00,36652.00,18327,18325,0.00,0.00,0,0
1632346047,s5,0.00,0.00,0.00,0,0,0.00,0.00,0.00,0,0,0.00,0.00,0,0
1632346047,s1,0.00,1038.00,1038.00,1038,0,0.00,5.00,5.00,5,0,0.00,0.00,0,0
1632346047,eth0,60.00,60.00,120.00,60,60,1.00,1.00,2.00,1,1,0.00,0.00,0,0
1632346047,eth1,0.00,0.00,0.00,0,0,0.00,0.00,0.00,0,0,0.00,0.00,0,0
1632346047,s2,0.00,1038.00,1038.00,1038,0,0.00,5.00,5.00,5,0,0.00,0.00,0,0
1632346047,s1-eth2,146376.00,5967712.00,6114088.00,5967712,146376,1975.00,3946.00,5921.00,3946,1975,0.00,0.00,0,0
1632346047,s1-eth1,5972735.00,146076.00,6118811.00,146076,5972735,3952.00,1974.00,5926.00,1974,3952,0.00,0.00,0,0
1632346047,s3,0.00,748.00,748.00,748,0,0.00,4.00,4.00,4,0,0.00,0.00,0,0
1632346047,s2-eth2,146824.00,5968852.00,6115676.00,5968852,146824,1978.00,3945.00,5923.00,3945,1978,0.00,0.00,0,0
1632346047,s2-eth1,5967712.00,146376.00,6114088.00,146376,5967712,3946.00,1975.00,5921.00,1975,3946,0.00,0.00,0,0
1632346047,lo,4260.00,4260.00,8520.00,4260,4260,40.00,40.00,80.00,40,40,0.00,0.00,0,0
1632346047,s4,0.00,0.00,0.00,0,0,0.00,0.00,0.00,0,0,0.00,0.00,0,0
1632346047,s3-eth2,147198.00,5968188.00,6115386.00,5968188,147198,1980.00,3942.00,5922.00,3942,1980,0.00,0.00,0,0
1632346047,s3-eth1,5968852.00,146824.00,6115676.00,146824,5968852,3945.00,1978.00,5923.00,1978,3945,0.00,0.00,0,0
1632346047,total,18354016.00,18351172.00,36705188.00,18351172,18354017,17817.00,17815.00,35632.00,17815,17817,0.00,0.00,0,0
1632346048,s5,0.00,0.00,0.00,0,0,0.00,0.00,0.00,0,0,0.00,0.00,0,0
1632346048,s1,0.00,397.00,397.00,397,0,0.00,2.00,2.00,2,0,0.00,0.00,0,0
1632346048,eth0,0.00,0.00,0.00,0,0,0.00,0.00,0.00,0,0,0.00,0.00,0,0
1632346048,eth1,0.00,0.00,0.00,0,0,0.00,0.00,0.00,0,0,0.00,0.00,0,0
1632346048,s2,0.00,397.00,397.00,397,0,0.00,2.00,2.00,2,0,0.00,0.00,0,0
1632346048,s1-eth2,150691.00,6162377.00,6313068.00,6162377,150691,2033.00,4072.00,6105.00,4072,2033,0.00,0.00,0,0
1632346048,s1-eth1,6159746.00,150368.00,6310114.00,150368,6159746,4072.00,2032.00,6104.00,2032,4072,0.00,0.00,0,0
1632346048,s3,0.00,794.00,794.00,794,0,0.00,4.00,4.00,4,0,0.00,0.00,0,0
1632346048,s2-eth2,151014.00,6161980.00,6312994.00,6161980,151014,2034.00,4070.00,6104.00,4070,2034,0.00,0.00,0,0
1632346048,s2-eth1,6162377.00,150691.00,6313068.00,150691,6162377,4072.00,2033.00,6105.00,2033,4072,0.00,0.00,0,0
1632346048,lo,2428.00,2428.00,4856.00,2428,2428,25.00,25.00,50.00,25,25,0.00,0.00,0,0
1632346048,s4,0.00,0.00,0.00,0,0,0.00,0.00,0.00,0,0,0.00,0.00,0,0
1632346048,s3-eth2,151411.00,6165008.00,6316419.00,6165008,151411,2036.00,4072.00,6108.00,4072,2036,0.00,0.00,0,0
1632346048,s3-eth1,6161980.00,151014.00,6312994.00,151014,6161980,4070.00,2034.00,6104.00,2034,4070,0.00,0.00,0,0
1632346048,total,18939648.00,18945454.00,37885100.00,18945454,18939647,18342.00,18346.00,36688.00,18346,18342,0.00,0.00,0,0
1632346049,s5,0.00,0.00,0.00,0,0,0.00,0.00,0.00,0,0,0.00,0.00,0,0
1632346049,s1,0.00,0.00,0.00,0,0,0.00,0.00,0.00,0,0,0.00,0.00,0,0
1632346049,eth0,0.00,0.00,0.00,0,0,0.00,0.00,0.00,0,0,0.00,0.00,0,0
1632346049,eth1,0.00,0.00,0.00,0,0,0.00,0.00,0.00,0,0,0.00,0.00,0,0
1632346049,s2,0.00,684.00,684.00,684,0,0.00,2.00,2.00,2,0,0.00,0.00,0,0
1632346049,s1-eth2,152190.00,6210428.00,6362618.00,6210428,152190,2053.00,4102.00,6155.00,4102,2053,0.00,0.00,0,0
1632346049,s1-eth1,6210428.00,151848.00,6362276.00,151848,6210428,4102.00,2052.00,6154.00,2052,4102,0.00,0.00,0,0
1632346049,s3,0.00,342.00,342.00,342,0,0.00,1.00,1.00,1,0,0.00,0.00,0,0
1632346049,s2-eth2,152190.00,6210770.00,6362960.00,6210770,152190,2053.00,4103.00,6156.00,4103,2053,0.00,0.00,0,0
1632346049,s2-eth1,6210428.00,152190.00,6362618.00,152190,6210428,4102.00,2053.00,6155.00,2053,4102,0.00,0.00,0,0
1632346049,lo,1322.00,1322.00,2644.00,1322,1322,15.00,15.00,30.00,15,15,0.00,0.00,0,0
1632346049,s4,0.00,0.00,0.00,0,0,0.00,0.00,0.00,0,0,0.00,0.00,0,0
1632346049,s3-eth2,152532.00,6210428.00,6362960.00,6210428,152532,2054.00,4102.00,6156.00,4102,2054,0.00,0.00,0,0
1632346049,s3-eth1,6210770.00,152190.00,6362960.00,152190,6210770,4103.00,2053.00,6156.00,2053,4103,0.00,0.00,0,0
1632346049,total,19089860.00,19090202.00,38180064.00,19090202,19089860,18482.00,18483.00,36965.00,18483,18482,0.00,0.00,0,0
1632346050,s5,0.00,0.00,0.00,0,0,0.00,0.00,0.00,0,0,0.00,0.00,0,0
1632346050,s1,0.00,449.00,449.00,449,0,0.00,2.00,2.00,2,0,0.00,0.00,0,0
1632346050,eth0,0.00,0.00,0.00,0,0,0.00,0.00,0.00,0,0,0.00,0.00,0,0
1632346050,eth1,0.00,0.00,0.00,0,0,0.00,0.00,0.00,0,0,0.00,0.00,0,0
1632346050,s2,0.00,107.00,107.00,107,0,0.00,1.00,1.00,1,0,0.00,0.00,0,0
1632346050,s1-eth2,150960.00,6171513.00,6322473.00,6171513,150960,2040.00,4078.00,6118.00,4078,2040,0.00,0.00,0,0
1632346050,s1-eth1,6172920.00,150886.00,6323806.00,150886,6172920,4078.00,2039.00,6117.00,2039,4078,0.00,0.00,0,0
1632346050,s3,0.00,0.00,0.00,0,0,0.00,0.00,0.00,0,0,0.00,0.00,0,0
1632346050,s2-eth2,150960.00,6174199.00,6325159.00,6174199,150960,2040.00,4079.00,6119.00,4079,2040,0.00,0.00,0,0
1632346050,s2-eth1,6171513.00,150960.00,6322473.00,150960,6171513,4078.00,2040.00,6118.00,2040,4078,0.00,0.00,0,0
1632346050,lo,936.00,936.00,1872.00,936,936,9.00,9.00,18.00,9,9,0.00,0.00,0,0
1632346050,s4,0.00,0.00,0.00,0,0,0.00,0.00,0.00,0,0,0.00,0.00,0,0
1632346050,s3-eth2,150886.00,6171064.00,6321950.00,6171064,150886,2039.00,4076.00,6115.00,4076,2039,0.00,0.00,0,0
1632346050,s3-eth1,6174199.00,150960.00,6325159.00,150960,6174199,4079.00,2040.00,6119.00,2040,4079,0.00,0.00,0,0
1632346050,total,18972374.00,18971074.00,37943448.00,18971074,18972374,18363.00,18364.00,36727.00,18364,18363,0.00,0.00,0,0
1632346051,s5,0.00,0.00,0.00,0,0,0.00,0.00,0.00,0,0,0.00,0.00,0,0
1632346051,s1,0.00,519.00,519.00,519,0,0.00,3.00,3.00,3,0,0.00,0.00,0,0
1632346051,eth0,0.00,0.00,0.00,0,0,0.00,0.00,0.00,0,0,0.00,0.00,0,0
1632346051,eth1,0.00,0.00,0.00,0,0,0.00,0.00,0.00,0,0,0.00,0.00,0,0
1632346051,s2,0.00,177.00,177.00,177,0,0.00,2.00,2.00,2,0,0.00,0.00,0,0
1632346051,s1-eth2,151437.00,6200349.00,6351786.00,6200349,151437,2046.00,4098.00,6144.00,4098,2046,0.00,0.00,0,0
1632346051,s1-eth1,6200905.00,151404.00,6352309.00,151404,6200905,4101.00,2046.00,6147.00,2046,4101,0.00,0.00,0,0
1632346051,s3,0.00,214.00,214.00,214,0,0.00,2.00,2.00,2,0,0.00,0.00,0,0
1632346051,s2-eth2,151618.00,6199900.00,6351518.00,6199900,151618,2048.00,4096.00,6144.00,4096,2048,0.00,0.00,0,0
1632346051,s2-eth1,6200349.00,151437.00,6351786.00,151437,6200349,4098.00,2046.00,6144.00,2046,4098,0.00,0.00,0,0
1632346051,lo,2082.00,2082.00,4164.00,2082,2082,21.00,21.00,42.00,21,21,0.00,0.00,0,0
1632346051,s4,0.00,0.00,0.00,0,0,0.00,0.00,0.00,0,0,0.00,0.00,0,0
1632346051,s3-eth2,151725.00,6199830.00,6351555.00,6199830,151725,2049.00,4095.00,6144.00,4095,2049,0.00,0.00,0,0
1632346051,s3-eth1,6199900.00,151618.00,6351518.00,151618,6199900,4096.00,2048.00,6144.00,2048,4096,0.00,0.00,0,0
1632346051,total,19058016.00,19057530.00,38115544.00,19057530,19058016,18459.00,18457.00,36916.00,18457,18459,0.00,0.00,0,0
1632346052,s5,0.00,0.00,0.00,0,0,0.00,0.00,0.00,0,0,0.00,0.00,0,0
1632346052,s1,0.00,70.00,70.00,70,0,0.00,1.00,1.00,1,0,0.00,0.00,0,0
1632346052,eth0,0.00,0.00,0.00,0,0,0.00,0.00,0.00,0,0,0.00,0.00,0,0
1632346052,eth1,0.00,0.00,0.00,0,0,0.00,0.00,0.00,0,0,0.00,0.00,0,0
1632346052,s2,0.00,70.00,70.00,70,0,0.00,1.00,1.00,1,0,0.00,0.00,0,0
1632346052,s1-eth2,150142.00,6134798.00,6284940.00,6134798,150142,2029.00,4053.00,6082.00,4053,2029,0.00,0.00,0,0
1632346052,s1-eth1,6134868.00,149998.00,6284866.00,149998,6134868,4054.00,2027.00,6081.00,2027,4054,0.00,0.00,0,0
1632346052,s3,0.00,482.00,482.00,482,0,0.00,3.00,3.00,3,0,0.00,0.00,0,0
1632346052,s2-eth2,150554.00,6134728.00,6285282.00,6134728,150554,2031.00,4052.00,6083.00,4052,2031,0.00,0.00,0,0
1632346052,s2-eth1,6134798.00,150142.00,6284940.00,150142,6134798,4053.00,2029.00,6082.00,2029,4053,0.00,0.00,0,0
1632346052,lo,1398.00,1398.00,2796.00,1398,1398,15.00,15.00,30.00,15,15,0.00,0.00,0,0
1632346052,s4,0.00,0.00,0.00,0,0,0.00,0.00,0.00,0,0,0.00,0.00,0,0
1632346052,s3-eth2,150624.00,6134728.00,6285352.00,6134728,150624,2032.00,4052.00,6084.00,4052,2032,0.00,0.00,0,0
1632346052,s3-eth1,6134728.00,150554.00,6285282.00,150554,6134728,4052.00,2031.00,6083.00,2031,4052,0.00,0.00,0,0
1632346052,total,18857112.00,18856968.00,37714080.00,18856968,18857112,18266.00,18264.00,36530.00,18264,18266,0.00,0.00,0,0
1632346053,s5,0.00,0.00,0.00,0,0,0.00,0.00,0.00,0,0,0.00,0.00,0,0
1632346053,s1,0.00,0.00,0.00,0,0,0.00,0.00,0.00,0,0,0.00,0.00,0,0
1632346053,eth0,0.00,0.00,0.00,0,0,0.00,0.00,0.00,0,0,0.00,0.00,0,0
1632346053,eth1,0.00,0.00,0.00,0,0,0.00,0.00,0.00,0,0,0.00,0.00,0,0
1632346053,s2,0.00,0.00,0.00,0,0,0.00,0.00,0.00,0,0,0.00,0.00,0,0
1632346053,s1-eth2,150886.00,6177120.00,6328006.00,6177120,150886,2039.00,4080.00,6119.00,4080,2039,0.00,0.00,0,0
1632346053,s1-eth1,6177120.00,150886.00,6328006.00,150886,6177120,4080.00,2039.00,6119.00,2039,4080,0.00,0.00,0,0
1632346053,s3,0.00,0.00,0.00,0,0,0.00,0.00,0.00,0,0,0.00,0.00,0,0
1632346053,s2-eth2,150812.00,6178634.00,6329446.00,6178634,150812,2038.00,4081.00,6119.00,4081,2038,0.00,0.00,0,0
1632346053,s2-eth1,6177120.00,150886.00,6328006.00,150886,6177120,4080.00,2039.00,6119.00,2039,4080,0.00,0.00,0,0
1632346053,lo,0.00,0.00,0.00,0,0,0.00,0.00,0.00,0,0,0.00,0.00,0,0
1632346053,s4,0.00,0.00,0.00,0,0,0.00,0.00,0.00,0,0,0.00,0.00,0,0
1632346053,s3-eth2,150812.00,6180148.00,6330960.00,6180148,150812,2038.00,4082.00,6120.00,4082,2038,0.00,0.00,0,0
1632346053,s3-eth1,6178634.00,150812.00,6329446.00,150812,6178634,4081.00,2038.00,6119.00,2038,4081,0.00,0.00,0,0
1632346053,total,18985384.00,18988486.00,37973872.00,18988486,18985384,18356.00,18359.00,36715.00,18359,18356,0.00,0.00,0,0
1632346054,s5,0.00,0.00,0.00,0,0,0.00,0.00,0.00,0,0,0.00,0.00,0,0
1632346054,s1,0.00,0.00,0.00,0,0,0.00,0.00,0.00,0,0,0.00,0.00,0,0
1632346054,eth0,0.00,0.00,0.00,0,0,0.00,0.00,0.00,0,0,0.00,0.00,0,0
1632346054,eth1,0.00,0.00,0.00,0,0,0.00,0.00,0.00,0,0,0.00,0.00,0,0
1632346054,s2,0.00,0.00,0.00,0,0,0.00,0.00,0.00,0,0,0.00,0.00,0,0
1632346054,s1-eth2,150886.00,6177120.00,6328006.00,6177120,150886,2039.00,4080.00,6119.00,4080,2039,0.00,0.00,0,0
1632346054,s1-eth1,6175606.00,150886.00,6326492.00,150886,6175606,4079.00,2039.00,6118.00,2039,4079,0.00,0.00,0,0
1632346054,s3,0.00,0.00,0.00,0,0,0.00,0.00,0.00,0,0,0.00,0.00,0,0
1632346054,s2-eth2,150886.00,6177120.00,6328006.00,6177120,150886,2039.00,4080.00,6119.00,4080,2039,0.00,0.00,0,0
1632346054,s2-eth1,6177120.00,150886.00,6328006.00,150886,6177120,4080.00,2039.00,6119.00,2039,4080,0.00,0.00,0,0
1632346054,lo,344.00,344.00,688.00,344,344,6.00,6.00,12.00,6,6,0.00,0.00,0,0
1632346054,s4,0.00,0.00,0.00,0,0,0.00,0.00,0.00,0,0,0.00,0.00,0,0
1632346054,s3-eth2,150886.00,6177120.00,6328006.00,6177120,150886,2039.00,4080.00,6119.00,4080,2039,0.00,0.00,0,0
1632346054,s3-eth1,6177120.00,150886.00,6328006.00,150886,6177120,4080.00,2039.00,6119.00,2039,4080,0.00,0.00,0,0
1632346054,total,18982848.00,18984362.00,37967208.00,18984362,18982848,18362.00,18363.00,36725.00,18363,18362,0.00,0.00,0,0
1632346055,s5,0.00,0.00,0.00,0,0,0.00,0.00,0.00,0,0,0.00,0.00,0,0
1632346055,s1,0.00,0.00,0.00,0,0,0.00,0.00,0.00,0,0,0.00,0.00,0,0
1632346055,eth0,0.00,0.00,0.00,0,0,0.00,0.00,0.00,0,0,0.00,0.00,0,0
1632346055,eth1,0.00,0.00,0.00,0,0,0.00,0.00,0.00,0,0,0.00,0.00,0,0
1632346055,s2,0.00,0.00,0.00,0,0,0.00,0.00,0.00,0,0,0.00,0.00,0,0
1632346055,s1-eth2,57099.80,2139531.00,2196630.75,2143810,57214,771.46,1416.17,2187.62,1419,773,0.00,0.00,0,0
1632346055,s1-eth1,2204503.00,55622.76,2260125.75,55734,2208912,1459.08,751.50,2210.58,753,1462,0.00,0.00,0,0
1632346055,s3,0.00,0.00,0.00,0,0,0.00,0.00,0.00,0,0,0.00,0.00,0,0
1632346055,s2-eth2,58650.70,2071537.00,2130187.75,2075680,58768,792.42,1371.26,2163.67,1374,794,0.00,0.00,0,0
1632346055,s2-eth1,2139531.00,57099.80,2196630.75,57214,2143810,1416.17,771.46,2187.62,773,1419,0.00,0.00,0,0
1632346055,lo,0.00,0.00,0.00,0,0,0.00,0.00,0.00,0,0,0.00,0.00,0,0
1632346055,s4,0.00,0.00,0.00,0,0,0.00,0.00,0.00,0,0,0.00,0.00,0,0
1632346055,s3-eth2,60201.60,1995988.12,2056189.62,1999980,60322,813.37,1321.36,2134.73,1324,815,0.00,0.00,0,0
1632346055,s3-eth1,2071537.00,58650.70,2130187.75,58768,2075680,1371.26,792.42,2163.67,794,1374,0.00,0.00,0,0
1632346055,total,6591523.00,6378429.50,12969952.00,6391186,6604706,6623.75,6424.15,13047.90,6437,6637,0.00,0.00,0,0
1632346056,s5,0.00,0.00,0.00,0,0,0.00,0.00,0.00,0,0,0.00,0.00,0,0
1632346056,s1,0.00,0.00,0.00,0,0,0.00,0.00,0.00,0,0,0.00,0.00,0,0
1632346056,eth0,0.00,0.00,0.00,0,0,0.00,0.00,0.00,0,0,0.00,0.00,0,0
1632346056,eth1,0.00,0.00,0.00,0,0,0.00,0.00,0.00,0,0,0.00,0.00,0,0
1632346056,s2,0.00,0.00,0.00,0,0,0.00,0.00,0.00,0,0,0.00,0.00,0,0
1632346056,s1-eth2,0.00,0.00,0.00,0,0,0.00,0.00,0.00,0,0,0.00,0.00,0,0
1632346056,s1-eth1,0.00,0.00,0.00,0,0,0.00,0.00,0.00,0,0,0.00,0.00,0,0
1632346056,s3,0.00,0.00,0.00,0,0,0.00,0.00,0.00,0,0,0.00,0.00,0,0
1632346056,s2-eth2,0.00,0.00,0.00,0,0,0.00,0.00,0.00,0,0,0.00,0.00,0,0
1632346056,s2-eth1,0.00,0.00,0.00,0,0,0.00,0.00,0.00,0,0,0.00,0.00,0,0
1632346056,lo,171.83,171.83,343.66,172,172,3.00,3.00,5.99,3,3,0.00,0.00,0,0
1632346056,s4,0.00,0.00,0.00,0,0,0.00,0.00,0.00,0,0,0.00,0.00,0,0
1632346056,s3-eth2,0.00,0.00,0.00,0,0,0.00,0.00,0.00,0,0,0.00,0.00,0,0
1632346056,s3-eth1,0.00,0.00,0.00,0,0,0.00,0.00,0.00,0,0,0.00,0.00,0,0
1632346056,total,171.83,171.83,343.66,172,172,3.00,3.00,5.99,3,3,0.00,0.00,0,0
1632346057,s5,0.00,0.00,0.00,0,0,0.00,0.00,0.00,0,0,0.00,0.00,0,0
1632346057,s1,0.00,0.00,0.00,0,0,0.00,0.00,0.00,0,0,0.00,0.00,0,0
1632346057,eth0,0.00,0.00,0.00,0,0,0.00,0.00,0.00,0,0,0.00,0.00,0,0
1632346057,eth1,0.00,0.00,0.00,0,0,0.00,0.00,0.00,0,0,0.00,0.00,0,0
1632346057,s2,0.00,0.00,0.00,0,0,0.00,0.00,0.00,0,0,0.00,0.00,0,0
1632346057,s1-eth2,0.00,0.00,0.00,0,0,0.00,0.00,0.00,0,0,0.00,0.00,0,0
1632346057,s1-eth1,0.00,0.00,0.00,0,0,0.00,0.00,0.00,0,0,0.00,0.00,0,0
1632346057,s3,0.00,0.00,0.00,0,0,0.00,0.00,0.00,0,0,0.00,0.00,0,0
1632346057,s2-eth2,0.00,0.00,0.00,0,0,0.00,0.00,0.00,0,0,0.00,0.00,0,0
1632346057,s2-eth1,0.00,0.00,0.00,0,0,0.00,0.00,0.00,0,0,0.00,0.00,0,0
1632346057,lo,344.00,344.00,688.00,344,344,6.00,6.00,12.00,6,6,0.00,0.00,0,0
1632346057,s4,0.00,0.00,0.00,0,0,0.00,0.00,0.00,0,0,0.00,0.00,0,0
1632346057,s3-eth2,342.00,0.00,342.00,0,342,1.00,0.00,1.00,0,1,0.00,0.00,0,0
1632346057,s3-eth1,0.00,0.00,0.00,0,0,0.00,0.00,0.00,0,0,0.00,0.00,0,0
1632346057,total,686.00,344.00,1030.00,344,686,7.00,6.00,13.00,6,7,0.00,0.00,0,0
1632346058,s5,0.00,0.00,0.00,0,0,0.00,0.00,0.00,0,0,0.00,0.00,0,0
1632346058,s1,0.00,449.00,449.00,449,0,0.00,2.00,2.00,2,0,0.00,0.00,0,0
1632346058,eth0,0.00,0.00,0.00,0,0,0.00,0.00,0.00,0,0,0.00,0.00,0,0
1632346058,eth1,0.00,0.00,0.00,0,0,0.00,0.00,0.00,0,0,0.00,0.00,0,0
1632346058,s2,0.00,107.00,107.00,107,0,0.00,1.00,1.00,1,0,0.00,0.00,0,0
1632346058,s1-eth2,42.00,491.00,533.00,491,42,1.00,3.00,4.00,3,1,0.00,0.00,0,0
1632346058,s1-eth1,384.00,42.00,426.00,42,384,2.00,1.00,3.00,1,2,0.00,0.00,0,0
1632346058,s3,0.00,0.00,0.00,0,0,0.00,0.00,0.00,0,0,0.00,0.00,0,0
1632346058,s2-eth2,42.00,149.00,191.00,149,42,1.00,2.00,3.00,2,1,0.00,0.00,0,0
1632346058,s2-eth1,491.00,42.00,533.00,42,491,3.00,1.00,4.00,1,3,0.00,0.00,0,0
1632346058,lo,936.00,936.00,1872.00,936,936,9.00,9.00,18.00,9,9,0.00,0.00,0,0
1632346058,s4,0.00,0.00,0.00,0,0,0.00,0.00,0.00,0,0,0.00,0.00,0,0
1632346058,s3-eth2,42.00,42.00,84.00,42,42,1.00,1.00,2.00,1,1,0.00,0.00,0,0
1632346058,s3-eth1,149.00,42.00,191.00,42,149,2.00,1.00,3.00,1,2,0.00,0.00,0,0
1632346058,total,2086.00,2300.00,4386.00,2300,2086,19.00,21.00,40.00,21,19,0.00,0.00,0,0
1632346059,s5,0.00,0.00,0.00,0,0,0.00,0.00,0.00,0,0,0.00,0.00,0,0
1632346059,s1,0.00,106.89,106.89,107,0,0.00,1.00,1.00,1,0,0.00,0.00,0,0
1632346059,eth0,0.00,0.00,0.00,0,0,0.00,0.00,0.00,0,0,0.00,0.00,0,0
1632346059,eth1,0.00,0.00,0.00,0,0,0.00,0.00,0.00,0,0,0.00,0.00,0,0
1632346059,s2,0.00,448.55,448.55,449,0,0.00,2.00,2.00,2,0,0.00,0.00,0,0
1632346059,s1-eth2,448.55,106.89,555.44,107,449,2.00,1.00,3.00,1,2,0.00,0.00,0,0
1632346059,s1-eth1,320.68,0.00,320.68,0,321,3.00,0.00,3.00,0,3,0.00,0.00,0,0
1632346059,s3,0.00,555.44,555.44,556,0,0.00,3.00,3.00,3,0,0.00,0.00,0,0
1632346059,s2-eth2,555.44,0.00,555.44,0,556,3.00,0.00,3.00,0,3,0.00,0.00,0,0
1632346059,s2-eth1,106.89,448.55,555.44,449,107,1.00,2.00,3.00,2,1,0.00,0.00,0,0
1632346059,lo,2213.79,2213.79,4427.57,2216,2216,23.98,23.98,47.95,24,24,0.00,0.00,0,0
1632346059,s4,0.00,0.00,0.00,0,0,0.00,0.00,0.00,0,0,0.00,0.00,0,0
1632346059,s3-eth2,662.34,0.00,662.34,0,663,4.00,0.00,4.00,0,4,0.00,0.00,0,0
1632346059,s3-eth1,0.00,555.44,555.44,556,0,0.00,3.00,3.00,3,0,0.00,0.00,0,0
1632346059,total,4307.69,4435.56,8743.26,4440,4312,36.96,35.96,72.93,36,37,0.00,0.00,0,0
1632346060,s5,0.00,0.00,0.00,0,0,0.00,0.00,0.00,0,0,0.00,0.00,0,0
1632346060,s1,0.00,0.00,0.00,0,0,0.00,0.00,0.00,0,0,0.00,0.00,0,0
1632346060,eth0,0.00,0.00,0.00,0,0,0.00,0.00,0.00,0,0,0.00,0.00,0,0
1632346060,eth1,0.00,0.00,0.00,0,0,0.00,0.00,0.00,0,0,0.00,0.00,0,0
1632346060,s2,0.00,0.00,0.00,0,0,0.00,0.00,0.00,0,0,0.00,0.00,0,0
1632346060,s1-eth2,0.00,0.00,0.00,0,0,0.00,0.00,0.00,0,0,0.00,0.00,0,0
1632346060,s1-eth1,0.00,0.00,0.00,0,0,0.00,0.00,0.00,0,0,0.00,0.00,0,0
1632346060,s3,0.00,0.00,0.00,0,0,0.00,0.00,0.00,0,0,0.00,0.00,0,0
1632346060,s2-eth2,0.00,0.00,0.00,0,0,0.00,0.00,0.00,0,0,0.00,0.00,0,0
1632346060,s2-eth1,0.00,0.00,0.00,0,0,0.00,0.00,0.00,0,0,0.00,0.00,0,0
1632346060,lo,0.00,0.00,0.00,0,0,0.00,0.00,0.00,0,0,0.00,0.00,0,0
1632346060,s4,0.00,0.00,0.00,0,0,0.00,0.00,0.00,0,0,0.00,0.00,0,0
1632346060,s3-eth2,0.00,0.00,0.00,0,0,0.00,0.00,0.00,0,0,0.00,0.00,0,0
1632346060,s3-eth1,0.00,0.00,0.00,0,0,0.00,0.00,0.00,0,0,0.00,0.00,0,0
1632346060,total,0.00,0.00,0.00,0,0,0.00,0.00,0.00,0,0,0.00,0.00,0,0
1632346061,s5,0.00,0.00,0.00,0,0,0.00,0.00,0.00,0,0,0.00,0.00,0,0
1632346061,s1,0.00,342.00,342.00,342,0,0.00,1.00,1.00,1,0,0.00,0.00,0,0
1632346061,eth0,0.00,0.00,0.00,0,0,0.00,0.00,0.00,0,0,0.00,0.00,0,0
1632346061,eth1,0.00,0.00,0.00,0,0,0.00,0.00,0.00,0,0,0.00,0.00,0,0
1632346061,s2,0.00,342.00,342.00,342,0,0.00,1.00,1.00,1,0,0.00,0.00,0,0
1632346061,s1-eth2,0.00,342.00,342.00,342,0,0.00,1.00,1.00,1,0,0.00,0.00,0,0
1632346061,s1-eth1,342.00,0.00,342.00,0,342,1.00,0.00,1.00,0,1,0.00,0.00,0,0
1632346061,s3,0.00,0.00,0.00,0,0,0.00,0.00,0.00,0,0,0.00,0.00,0,0
1632346061,s2-eth2,0.00,342.00,342.00,342,0,0.00,1.00,1.00,1,0,0.00,0.00,0,0
1632346061,s2-eth1,342.00,0.00,342.00,0,342,1.00,0.00,1.00,0,1,0.00,0.00,0,0
1632346061,lo,652.00,652.00,1304.00,652,652,6.00,6.00,12.00,6,6,0.00,0.00,0,0
1632346061,s4,0.00,0.00,0.00,0,0,0.00,0.00,0.00,0,0,0.00,0.00,0,0
1632346061,s3-eth2,0.00,0.00,0.00,0,0,0.00,0.00,0.00,0,0,0.00,0.00,0,0
1632346061,s3-eth1,342.00,0.00,342.00,0,342,1.00,0.00,1.00,0,1,0.00,0.00,0,0
1632346061,total,1678.00,2020.00,3698.00,2020,1678,9.00,10.00,19.00,10,9,0.00,0.00,0,0
1632346062,s5,0.00,0.00,0.00,0,0,0.00,0.00,0.00,0,0,0.00,0.00,0,0
1632346062,s1,0.00,0.00,0.00,0,0,0.00,0.00,0.00,0,0,0.00,0.00,0,0
1632346062,eth0,0.00,0.00,0.00,0,0,0.00,0.00,0.00,0,0,0.00,0.00,0,0
1632346062,eth1,0.00,0.00,0.00,0,0,0.00,0.00,0.00,0,0,0.00,0.00,0,0
1632346062,s2,0.00,0.00,0.00,0,0,0.00,0.00,0.00,0,0,0.00,0.00,0,0
1632346062,s1-eth2,0.00,0.00,0.00,0,0,0.00,0.00,0.00,0,0,0.00,0.00,0,0
1632346062,s1-eth1,0.00,0.00,0.00,0,0,0.00,0.00,0.00,0,0,0.00,0.00,0,0
1632346062,s3,0.00,0.00,0.00,0,0,0.00,0.00,0.00,0,0,0.00,0.00,0,0
1632346062,s2-eth2,0.00,0.00,0.00,0,0,0.00,0.00,0.00,0,0,0.00,0.00,0,0
1632346062,s2-eth1,0.00,0.00,0.00,0,0,0.00,0.00,0.00,0,0,0.00,0.00,0,0
1632346062,lo,0.00,0.00,0.00,0,0,0.00,0.00,0.00,0,0,0.00,0.00,0,0
1632346062,s4,0.00,0.00,0.00,0,0,0.00,0.00,0.00,0,0,0.00,0.00,0,0
1632346062,s3-eth2,0.0